Absorption (m-1)
1.98E-11
1.80E-11
1.58E-11
1.41E-11
1.31E-11
1.19E-11
1.13E-11
1.04E-11
9.88E-12
9.62E-12
9.59E-12
9.65E-12
9.86E-12
1.03E-11
1.06E-11
1.14E-11
1.18E-11
1.28E-11
1.35E-11
1.45E-11
1.53E-11
1.67E-11
1.77E-11
1.93E-11
2.05E-11
2.24E-11
2.37E-11
2.60E-11
2.74E-11
3.01E-11
3.18E-11
3.47E-11
3.70E-11
4.25E-11
4.86E-11
5.57E-11
6.35E-11
7.21E-11
8.16E-11
9.20E-11
1.04E-10
1.16E-10
1.29E-10
1.43E-10
1.59E-10
1.75E-10
1.93E-10
2.12E-10
2.31E-10
2.53E-10
2.75E-10
2.97E-10
3.22E-10
3.74E-10
4.31E-10
4.91E-10
5.56E-10
6.22E-10
6.94E-10
7.31E-10
7.68E-10
8.05E-10
8.44E-10
8.83E-10
9.22E-10
9.62E-10
1.00E-09
1.04E-09
1.08E-09
1.12E-09
1.16E-09
1.20E-09
1.25E-09
1.29E-09
1.33E-09
1.41E-09
1.57E-09
1.65E-09
1.73E-09
1.88E-09
2.03E-09
2.16E-09
2.29E-09
2.41E-09
2.52E-09
2.63E-09
2.67E-09
2.72E-09
2.81E-09
2.89E-09
2.93E-09
2.97E-09
3.00E-09
3.04E-09
3.10E-09
3.16E-09
3.24E-09
3.27E-09
3.31E-09
3.38E-09
3.45E-09
3.54E-09
3.59E-09
3.66E-09
3.69E-09
3.73E-09
3.76E-09
3.79E-09
3.83E-09
3.85E-09
3.86E-09
3.86E-09
3.86E-09
3.86E-09
3.85E-09
3.84E-09
3.83E-09
3.82E-09
3.81E-09
3.79E-09
3.77E-09
3.74E-09
3.69E-09
3.65E-09
3.60E-09
3.54E-09
3.49E-09
3.43E-09
3.37E-09
3.31E-09
3.25E-09
3.09E-09
2.93E-09
2.78E-09
2.63E-09
2.36E-09
2.13E-09
1.76E-09
1.34E-09
1.15E-09
7.56E-10
5.33E-10
1.41E-10
5.45E-11
9.55E-12
4.77E-12
2.39E-12
