Absorption (m-1)
8.10E-11
4.52E-11
2.87E-11
2.02E-11
1.54E-11
1.24E-11
1.05E-11
9.29E-12
8.48E-12
7.93E-12
7.58E-12
7.38E-12
7.28E-12
7.27E-12
7.34E-12
7.47E-12
7.65E-12
7.89E-12
8.18E-12
8.52E-12
8.90E-12
9.32E-12
9.79E-12
1.03E-11
1.09E-11
1.15E-11
1.21E-11
1.28E-11
1.36E-11
1.44E-11
1.53E-11
1.62E-11
1.72E-11
1.82E-11
1.93E-11
2.05E-11
2.17E-11
2.30E-11
2.44E-11
2.58E-11
2.73E-11
2.89E-11
3.06E-11
3.23E-11
3.42E-11
3.61E-11
3.81E-11
4.02E-11
4.24E-11
4.47E-11
4.71E-11
4.96E-11
5.22E-11
5.48E-11
5.76E-11
6.06E-11
6.36E-11
6.67E-11
7.00E-11
7.33E-11
7.68E-11
8.04E-11
8.42E-11
8.80E-11
9.20E-11
9.61E-11
1.00E-10
1.05E-10
1.09E-10
1.14E-10
1.19E-10
1.24E-10
1.29E-10
1.34E-10
1.39E-10
1.45E-10
1.51E-10
1.56E-10
1.62E-10
1.68E-10
1.75E-10
1.81E-10
1.88E-10
1.94E-10
2.01E-10
2.08E-10
2.16E-10
2.23E-10
2.31E-10
2.38E-10
2.46E-10
2.54E-10
2.62E-10
2.71E-10
2.79E-10
2.88E-10
2.97E-10
3.06E-10
3.15E-10
3.24E-10
3.34E-10
3.43E-10
3.53E-10
3.63E-10
3.73E-10
3.83E-10
3.94E-10
4.04E-10
4.15E-10
4.26E-10
4.37E-10
4.49E-10
4.60E-10
4.72E-10
4.83E-10
4.95E-10
5.07E-10
5.19E-10
5.32E-10
5.44E-10
5.57E-10
5.70E-10
5.83E-10
5.96E-10
6.09E-10
6.22E-10
6.36E-10
6.49E-10
6.63E-10
6.77E-10
6.91E-10
7.05E-10
7.20E-10
7.34E-10
7.49E-10
7.63E-10
7.78E-10
7.93E-10
8.08E-10
8.24E-10
8.39E-10
8.54E-10
8.70E-10
8.85E-10
9.01E-10
9.17E-10
9.33E-10
9.49E-10
9.65E-10
9.82E-10
9.98E-10
1.01E-09
1.03E-09
1.05E-09
1.06E-09
1.08E-09
1.10E-09
1.12E-09
1.13E-09
1.15E-09
1.17E-09
1.18E-09
1.20E-09
1.22E-09
1.24E-09
1.25E-09
1.27E-09
1.29E-09
1.31E-09
1.32E-09
1.34E-09
1.36E-09
1.38E-09
1.40E-09
1.41E-09
1.43E-09
1.45E-09
1.47E-09
1.49E-09
1.51E-09
1.52E-09
1.54E-09
1.56E-09
1.58E-09
1.60E-09
1.62E-09
1.63E-09
1.65E-09
1.67E-09
1.69E-09
1.71E-09
1.73E-09
1.75E-09
1.76E-09
1.78E-09
1.80E-09
1.82E-09
1.84E-09
1.86E-09
1.88E-09
1.89E-09
1.91E-09
1.93E-09
1.95E-09
1.97E-09
1.99E-09
2.01E-09
2.02E-09
2.04E-09
2.06E-09
2.08E-09
2.10E-09
2.12E-09
2.14E-09
2.15E-09
2.17E-09
2.19E-09
2.21E-09
2.23E-09
2.25E-09
2.26E-09
2.28E-09
2.30E-09
2.32E-09
2.34E-09
2.35E-09
2.37E-09
2.39E-09
2.41E-09
2.43E-09
2.44E-09
2.46E-09
2.48E-09
2.50E-09
2.51E-09
2.53E-09
2.55E-09
2.57E-09
2.58E-09
2.60E-09
2.62E-09
2.64E-09
2.65E-09
2.67E-09
2.69E-09
2.71E-09
2.72E-09
2.74E-09
2.76E-09
2.77E-09
2.79E-09
2.81E-09
2.82E-09
2.84E-09
2.86E-09
2.87E-09
2.89E-09
2.91E-09
2.92E-09
2.94E-09
2.95E-09
2.97E-09
2.99E-09
3.00E-09
3.02E-09
3.03E-09
3.05E-09
3.07E-09
3.08E-09
3.10E-09
3.11E-09
3.13E-09
3.14E-09
3.16E-09
3.17E-09
3.19E-09
3.20E-09
3.22E-09
3.23E-09
3.25E-09
3.26E-09
3.28E-09
3.29E-09
3.31E-09
3.32E-09
3.33E-09
3.35E-09
3.36E-09
3.38E-09
3.39E-09
3.41E-09
3.42E-09
3.43E-09
3.45E-09
3.46E-09
3.47E-09
3.49E-09
3.50E-09
3.51E-09
3.53E-09
3.54E-09
3.55E-09
3.57E-09
3.58E-09
3.59E-09
3.61E-09
3.62E-09
3.63E-09
3.64E-09
3.66E-09
3.67E-09
3.68E-09
3.69E-09
3.71E-09
3.72E-09
3.73E-09
3.74E-09
3.75E-09
3.77E-09
3.78E-09
3.79E-09
3.80E-09
3.81E-09
3.83E-09
3.84E-09
3.85E-09
3.86E-09
3.87E-09
3.88E-09
3.89E-09
3.90E-09
3.91E-09
3.93E-09
3.94E-09
3.95E-09
3.96E-09
3.97E-09
3.98E-09
3.99E-09
4.00E-09
4.01E-09
4.02E-09
4.03E-09
4.04E-09
4.05E-09
4.06E-09
4.07E-09
4.08E-09
4.09E-09
4.10E-09
4.11E-09
4.12E-09
4.13E-09
4.14E-09
4.15E-09
4.16E-09
4.17E-09
4.18E-09
4.18E-09
4.19E-09
4.20E-09
4.21E-09
4.22E-09
4.23E-09
4.24E-09
4.25E-09
4.25E-09
4.26E-09
4.27E-09
4.28E-09
4.29E-09
4.30E-09
4.30E-09
4.31E-09
4.32E-09
4.33E-09
4.34E-09
4.34E-09
4.35E-09
4.36E-09
4.37E-09
4.38E-09
4.38E-09
4.39E-09
4.40E-09
4.41E-09
4.41E-09
4.42E-09
4.43E-09
4.44E-09
4.44E-09
4.45E-09
4.46E-09
4.46E-09
4.47E-09
4.48E-09
4.48E-09
4.49E-09
4.50E-09
4.50E-09
4.51E-09
4.52E-09
4.52E-09
4.53E-09
4.54E-09
4.54E-09
4.55E-09
4.56E-09
4.56E-09
4.57E-09
4.57E-09
4.58E-09
4.59E-09
4.59E-09
4.60E-09
4.60E-09
4.61E-09
4.61E-09
4.62E-09
4.63E-09
4.63E-09
4.64E-09
4.64E-09
4.65E-09
4.65E-09
4.66E-09
4.66E-09
4.67E-09
4.67E-09
4.68E-09
4.68E-09
4.69E-09
4.69E-09
4.70E-09
4.70E-09
4.71E-09
4.71E-09
4.72E-09
4.72E-09
4.73E-09
4.73E-09
4.74E-09
4.74E-09
4.75E-09
4.75E-09
4.75E-09
4.76E-09
4.76E-09
4.77E-09
4.77E-09
4.78E-09
4.78E-09
4.78E-09
4.79E-09
4.79E-09
4.80E-09
4.80E-09
4.80E-09
4.81E-09
4.81E-09
4.81E-09
4.82E-09
4.82E-09
4.83E-09
4.83E-09
4.83E-09
4.84E-09
4.84E-09
4.84E-09
4.85E-09
4.85E-09
4.85E-09
4.86E-09
4.86E-09
4.86E-09
4.87E-09
4.87E-09
4.87E-09
4.88E-09
4.88E-09
4.88E-09
4.89E-09
4.89E-09
4.89E-09
4.89E-09
4.90E-09
4.90E-09
4.90E-09
4.91E-09
4.91E-09
4.91E-09
4.91E-09
4.92E-09
4.92E-09
4.92E-09
4.92E-09
4.93E-09
4.93E-09
4.93E-09
4.93E-09
4.94E-09
4.94E-09
4.94E-09
4.94E-09
4.94E-09
4.95E-09
4.95E-09
4.95E-09
4.95E-09
4.95E-09
4.96E-09
4.96E-09
4.96E-09
4.96E-09
4.96E-09
4.97E-09
4.97E-09
4.97E-09
4.97E-09
4.97E-09
4.98E-09
4.98E-09
4.98E-09
4.98E-09
4.98E-09
4.98E-09
4.99E-09
4.99E-09
4.99E-09
4.99E-09
4.99E-09
4.99E-09
4.99E-09
5.00E-09
5.00E-09
5.00E-09
5.00E-09
5.00E-09
5.00E-09
5.00E-09
5.00E-09
5.01E-09
5.01E-09
5.01E-09
5.01E-09
5.01E-09
5.01E-09
5.01E-09
5.01E-09
5.01E-09
5.02E-09
5.02E-09
5.02E-09
5.02E-09
5.02E-09
5.02E-09
5.02E-09
5.02E-09
5.02E-09
5.02E-09
5.02E-09
5.02E-09
5.02E-09
5.03E-09
5.03E-09
5.03E-09
5.03E-09
5.03E-09
5.03E-09
5.03E-09
5.03E-09
5.03E-09
5.03E-09
5.03E-09
5.03E-09
5.03E-09
5.03E-09
5.03E-09
5.03E-09
5.03E-09
5.03E-09
5.03E-09
5.03E-09
5.03E-09
5.03E-09
5.03E-09
5.03E-09
5.03E-09
5.03E-09
5.03E-09
5.04E-09
5.04E-09
5.04E-09
5.04E-09
5.04E-09
5.04E-09
5.04E-09
5.04E-09
5.04E-09
5.03E-09
5.03E-09
5.03E-09
5.03E-09
5.03E-09
5.03E-09
5.03E-09
5.03E-09
5.03E-09
5.03E-09
5.03E-09
5.03E-09
5.03E-09
5.03E-09
5.03E-09
5.03E-09
5.03E-09
5.03E-09
5.03E-09
5.03E-09
5.03E-09
5.03E-09
5.03E-09
5.03E-09
5.03E-09
5.03E-09
5.03E-09
5.03E-09
5.03E-09
5.02E-09
5.02E-09
5.02E-09
5.02E-09
5.02E-09
5.02E-09
5.02E-09
5.02E-09
5.02E-09
5.02E-09
5.02E-09
5.02E-09
5.02E-09
5.02E-09
5.02E-09
5.01E-09
5.01E-09
5.01E-09
5.01E-09
5.01E-09
5.01E-09
5.01E-09
5.01E-09
5.01E-09
5.01E-09
5.01E-09
5.00E-09
5.00E-09
5.00E-09
5.00E-09
5.00E-09
5.00E-09
5.00E-09
5.00E-09
5.00E-09
5.00E-09
4.99E-09
4.99E-09
4.99E-09
4.99E-09
4.99E-09
4.99E-09
4.99E-09
4.99E-09
4.99E-09
4.98E-09
4.98E-09
4.98E-09
4.98E-09
4.98E-09
4.98E-09
4.98E-09
4.98E-09
4.97E-09
4.97E-09
4.97E-09
4.97E-09
4.97E-09
4.97E-09
4.97E-09
4.96E-09
4.96E-09
4.96E-09
4.96E-09
4.96E-09
4.96E-09
4.96E-09
4.95E-09
4.95E-09
4.95E-09
4.95E-09
4.95E-09
4.95E-09
4.95E-09
4.94E-09
4.94E-09
4.94E-09
4.94E-09
4.94E-09
4.94E-09
4.93E-09
4.93E-09
4.93E-09
4.93E-09
4.93E-09
4.93E-09
4.92E-09
4.92E-09
4.92E-09
4.92E-09
4.92E-09
4.92E-09
4.91E-09
4.91E-09
4.91E-09
4.91E-09
4.91E-09
4.91E-09
4.90E-09
4.90E-09
4.90E-09
4.90E-09
4.90E-09
4.89E-09
4.89E-09
4.89E-09
4.89E-09
4.89E-09
4.89E-09
4.88E-09
4.88E-09
4.88E-09
4.88E-09
4.88E-09
4.87E-09
4.87E-09
4.87E-09
4.87E-09
4.87E-09
4.86E-09
4.86E-09
4.86E-09
4.86E-09
4.86E-09
4.85E-09
4.85E-09
4.85E-09
4.85E-09
4.85E-09
4.84E-09
4.84E-09
4.84E-09
4.84E-09
4.84E-09
4.83E-09
4.83E-09
4.83E-09
4.83E-09
4.83E-09
4.82E-09
4.82E-09
4.82E-09
4.82E-09
4.82E-09
4.81E-09
4.81E-09
4.81E-09
4.81E-09
4.80E-09
4.80E-09
4.80E-09
4.80E-09
4.80E-09
4.79E-09
4.79E-09
4.79E-09
4.79E-09
4.78E-09
4.78E-09
4.78E-09
4.78E-09
4.78E-09
4.77E-09
4.77E-09
4.77E-09
4.77E-09
4.76E-09
4.76E-09
4.76E-09
4.76E-09
4.76E-09
4.75E-09
4.75E-09
4.75E-09
4.75E-09
4.74E-09
4.74E-09
4.74E-09
4.74E-09
4.73E-09
4.73E-09
4.73E-09
4.73E-09
4.72E-09
4.72E-09
4.72E-09
4.72E-09
4.71E-09
4.71E-09
4.71E-09
4.71E-09
4.71E-09
4.70E-09
4.70E-09
4.70E-09
4.70E-09
4.69E-09
4.69E-09
4.69E-09
4.69E-09
4.68E-09
4.68E-09
4.68E-09
4.68E-09
4.67E-09
4.67E-09
4.67E-09
4.67E-09
4.66E-09
4.66E-09
4.66E-09
4.66E-09
4.65E-09
4.65E-09
4.65E-09
4.65E-09
4.64E-09
4.64E-09
4.64E-09
4.64E-09
4.63E-09
4.63E-09
4.63E-09
4.62E-09
4.62E-09
4.62E-09
4.62E-09
4.61E-09
4.61E-09
4.61E-09
4.61E-09
4.60E-09
4.60E-09
4.60E-09
4.60E-09
4.59E-09
4.59E-09
4.59E-09
4.59E-09
4.58E-09
4.58E-09
4.58E-09
4.58E-09
4.57E-09
4.57E-09
4.57E-09
4.56E-09
4.56E-09
4.56E-09
4.56E-09
4.55E-09
4.55E-09
4.55E-09
4.55E-09
4.54E-09
4.54E-09
4.54E-09
4.53E-09
4.53E-09
4.53E-09
4.53E-09
4.52E-09
4.52E-09
4.52E-09
4.52E-09
4.51E-09
4.51E-09
4.51E-09
4.50E-09
4.50E-09
4.50E-09
4.50E-09
4.49E-09
4.49E-09
4.49E-09
4.49E-09
4.48E-09
4.48E-09
4.48E-09
4.47E-09
4.47E-09
4.47E-09
4.47E-09
4.46E-09
4.46E-09
4.46E-09
4.46E-09
4.45E-09
4.45E-09
4.45E-09
4.44E-09
4.44E-09
4.44E-09
4.44E-09
4.43E-09
4.43E-09
4.43E-09
4.42E-09
4.42E-09
4.42E-09
4.42E-09
4.41E-09
4.41E-09
4.41E-09
4.40E-09
4.40E-09
4.40E-09
4.40E-09
4.39E-09
4.39E-09
4.39E-09
4.38E-09
4.38E-09
4.38E-09
4.38E-09
4.37E-09
4.37E-09
4.37E-09
4.36E-09
4.36E-09
4.36E-09
4.36E-09
4.35E-09
4.35E-09
4.35E-09
4.34E-09
4.34E-09
4.34E-09
4.34E-09
4.33E-09
4.33E-09
4.33E-09
4.32E-09
4.32E-09
4.32E-09
4.32E-09
4.31E-09
4.31E-09
4.31E-09
4.30E-09
4.30E-09
4.30E-09
4.30E-09
4.29E-09
4.29E-09
4.29E-09
4.28E-09
4.28E-09
4.28E-09
4.27E-09
4.27E-09
4.27E-09
4.27E-09
4.26E-09
4.26E-09
4.26E-09
4.25E-09
4.25E-09
4.25E-09
4.25E-09
4.24E-09
4.24E-09
4.24E-09
4.09E-09
3.94E-09
3.79E-09
3.65E-09
3.51E-09
3.37E-09
3.24E-09
3.11E-09
2.98E-09
2.86E-09
2.75E-09
2.64E-09
2.54E-09
2.44E-09
2.34E-09
2.25E-09
2.17E-09
2.09E-09
2.01E-09
1.94E-09
1.87E-09
1.81E-09
1.74E-09
1.69E-09
1.63E-09
1.58E-09
1.53E-09
1.48E-09
1.44E-09
1.39E-09
1.35E-09
1.32E-09
1.28E-09
1.25E-09
1.21E-09
1.18E-09
1.15E-09
1.13E-09
1.10E-09
1.08E-09
1.05E-09
1.03E-09
1.01E-09
9.87E-10
9.68E-10
9.50E-10
9.32E-10
9.15E-10
8.99E-10
8.84E-10
8.70E-10
8.56E-10
8.43E-10
8.31E-10
8.19E-10
8.08E-10
7.98E-10
7.88E-10
7.78E-10
7.69E-10
7.60E-10
7.52E-10
7.45E-10
7.37E-10
7.30E-10
7.24E-10
7.18E-10
7.12E-10
7.07E-10
7.01E-10
6.97E-10
6.92E-10
6.88E-10
6.84E-10
6.80E-10
6.77E-10
6.74E-10
6.71E-10
6.69E-10
6.66E-10
