Moments of pf
8.37E-01
8.43E-01
8.48E-01
8.52E-01
8.54E-01
8.57E-01
8.58E-01
8.60E-01
8.61E-01
8.62E-01
8.62E-01
8.63E-01
8.64E-01
8.64E-01
8.65E-01
8.65E-01
8.65E-01
8.66E-01
8.66E-01
8.66E-01
8.67E-01
8.67E-01
8.67E-01
8.67E-01
8.67E-01
8.67E-01
8.68E-01
8.68E-01
8.68E-01
8.68E-01
8.68E-01
8.68E-01
8.68E-01
8.68E-01
8.68E-01
8.68E-01
8.68E-01
8.68E-01
8.69E-01
8.69E-01
8.69E-01
8.69E-01
8.69E-01
8.69E-01
8.69E-01
8.69E-01
8.69E-01
8.69E-01
8.69E-01
8.69E-01
8.69E-01
8.69E-01
8.69E-01
8.69E-01
8.69E-01
8.69E-01
8.69E-01
8.69E-01
8.69E-01
8.69E-01
8.69E-01
8.70E-01
8.70E-01
8.70E-01
8.70E-01
8.70E-01
8.70E-01
8.70E-01
8.70E-01
8.70E-01
8.70E-01
8.70E-01
8.70E-01
8.70E-01
8.70E-01
8.70E-01
8.70E-01
8.70E-01
8.70E-01
8.70E-01
8.70E-01
8.70E-01
8.70E-01
8.71E-01
8.71E-01
8.71E-01
8.71E-01
8.71E-01
8.71E-01
8.71E-01
8.71E-01
8.71E-01
8.71E-01
8.71E-01
8.71E-01
8.71E-01
8.71E-01
8.71E-01
8.71E-01
8.72E-01
8.72E-01
8.72E-01
8.72E-01
8.72E-01
8.72E-01
8.72E-01
8.72E-01
8.72E-01
8.72E-01
8.72E-01
8.72E-01
8.72E-01
8.73E-01
8.73E-01
8.73E-01
8.73E-01
8.73E-01
8.73E-01
8.73E-01
8.73E-01
8.73E-01
8.73E-01
8.73E-01
8.74E-01
8.74E-01
8.74E-01
8.74E-01
8.74E-01
8.74E-01
8.74E-01
8.74E-01
8.74E-01
8.74E-01
8.75E-01
8.75E-01
8.75E-01
8.75E-01
8.75E-01
8.75E-01
8.75E-01
8.75E-01
8.75E-01
8.76E-01
8.76E-01
8.76E-01
8.76E-01
8.76E-01
8.76E-01
8.76E-01
8.76E-01
8.77E-01
8.77E-01
8.77E-01
8.77E-01
8.77E-01
8.77E-01
8.77E-01
8.77E-01
8.78E-01
8.78E-01
8.78E-01
8.78E-01
8.78E-01
8.78E-01
8.78E-01
8.79E-01
8.79E-01
8.79E-01
8.79E-01
8.79E-01
8.79E-01
8.79E-01
8.80E-01
8.80E-01
8.80E-01
8.80E-01
8.80E-01
8.80E-01
8.80E-01
8.81E-01
8.81E-01
8.81E-01
8.81E-01
8.81E-01
8.81E-01
8.81E-01
8.82E-01
8.82E-01
8.82E-01
8.82E-01
8.82E-01
8.82E-01
8.83E-01
8.83E-01
8.83E-01
8.83E-01
8.83E-01
8.83E-01
8.83E-01
8.84E-01
8.84E-01
8.84E-01
8.84E-01
8.84E-01
8.84E-01
8.85E-01
8.85E-01
8.85E-01
8.85E-01
8.85E-01
8.85E-01
8.85E-01
8.86E-01
8.86E-01
8.86E-01
8.86E-01
8.86E-01
8.86E-01
8.87E-01
8.87E-01
8.87E-01
8.87E-01
8.87E-01
8.87E-01
8.88E-01
8.88E-01
8.88E-01
8.88E-01
8.88E-01
8.88E-01
8.89E-01
8.89E-01
8.89E-01
8.89E-01
8.89E-01
8.89E-01
8.89E-01
8.90E-01
8.90E-01
8.90E-01
8.90E-01
8.90E-01
8.90E-01
8.91E-01
8.91E-01
8.91E-01
8.91E-01
8.91E-01
8.91E-01
8.92E-01
8.92E-01
8.92E-01
8.92E-01
8.92E-01
8.92E-01
8.92E-01
8.93E-01
8.93E-01
8.93E-01
8.93E-01
8.93E-01
8.93E-01
8.94E-01
8.94E-01
8.94E-01
8.94E-01
8.94E-01
8.94E-01
8.94E-01
8.95E-01
8.95E-01
8.95E-01
8.95E-01
8.95E-01
8.95E-01
8.96E-01
8.96E-01
8.96E-01
8.96E-01
8.96E-01
8.96E-01
8.96E-01
8.97E-01
8.97E-01
8.97E-01
8.97E-01
8.97E-01
8.97E-01
8.97E-01
8.98E-01
8.98E-01
8.98E-01
8.98E-01
8.98E-01
8.98E-01
8.98E-01
8.99E-01
8.99E-01
8.99E-01
8.99E-01
8.99E-01
8.99E-01
8.99E-01
8.99E-01
9.00E-01
9.00E-01
9.00E-01
9.00E-01
9.00E-01
9.00E-01
9.00E-01
9.01E-01
9.01E-01
9.01E-01
9.01E-01
9.01E-01
9.01E-01
9.01E-01
9.01E-01
9.02E-01
9.02E-01
9.02E-01
9.02E-01
9.02E-01
9.02E-01
9.02E-01
9.02E-01
9.03E-01
9.03E-01
9.03E-01
9.03E-01
9.03E-01
9.03E-01
9.03E-01
9.03E-01
9.03E-01
9.04E-01
9.04E-01
9.04E-01
9.04E-01
9.04E-01
9.04E-01
9.04E-01
9.04E-01
9.04E-01
9.05E-01
9.05E-01
9.05E-01
9.05E-01
9.05E-01
9.05E-01
9.05E-01
9.05E-01
9.05E-01
9.06E-01
9.06E-01
9.06E-01
9.06E-01
9.06E-01
9.06E-01
9.06E-01
9.06E-01
9.06E-01
9.06E-01
9.07E-01
9.07E-01
9.07E-01
9.07E-01
9.07E-01
9.07E-01
9.07E-01
9.07E-01
9.07E-01
9.07E-01
9.07E-01
9.08E-01
9.08E-01
9.08E-01
9.08E-01
9.08E-01
9.08E-01
9.08E-01
9.08E-01
9.08E-01
9.08E-01
9.08E-01
9.09E-01
9.09E-01
9.09E-01
9.09E-01
9.09E-01
9.09E-01
9.09E-01
9.09E-01
9.09E-01
9.09E-01
9.09E-01
9.09E-01
9.10E-01
9.10E-01
9.10E-01
9.10E-01
9.10E-01
9.10E-01
9.10E-01
9.10E-01
9.10E-01
9.10E-01
9.10E-01
9.10E-01
9.10E-01
9.10E-01
9.11E-01
9.11E-01
9.11E-01
9.11E-01
9.11E-01
9.11E-01
9.11E-01
9.11E-01
9.11E-01
9.11E-01
9.11E-01
9.11E-01
9.11E-01
9.11E-01
9.11E-01
9.12E-01
9.12E-01
9.12E-01
9.12E-01
9.12E-01
9.12E-01
9.12E-01
9.12E-01
9.12E-01
9.12E-01
9.12E-01
9.12E-01
9.12E-01
9.12E-01
9.12E-01
9.12E-01
9.12E-01
9.12E-01
9.13E-01
9.13E-01
9.13E-01
9.13E-01
9.13E-01
9.13E-01
9.13E-01
9.13E-01
9.13E-01
9.13E-01
9.13E-01
9.13E-01
9.13E-01
9.13E-01
9.13E-01
9.13E-01
9.13E-01
9.13E-01
9.13E-01
9.13E-01
9.14E-01
9.14E-01
9.14E-01
9.14E-01
9.14E-01
9.14E-01
9.14E-01
9.14E-01
9.14E-01
9.14E-01
9.14E-01
9.14E-01
9.14E-01
9.14E-01
9.14E-01
9.14E-01
9.14E-01
9.14E-01
9.14E-01
9.14E-01
9.14E-01
9.14E-01
9.14E-01
9.14E-01
9.14E-01
9.14E-01
9.14E-01
9.15E-01
9.15E-01
9.15E-01
9.15E-01
9.15E-01
9.15E-01
9.15E-01
9.15E-01
9.15E-01
9.15E-01
9.15E-01
9.15E-01
9.15E-01
9.15E-01
9.15E-01
9.15E-01
9.15E-01
9.15E-01
9.15E-01
9.15E-01
9.15E-01
9.15E-01
9.15E-01
9.15E-01
9.15E-01
9.15E-01
9.15E-01
9.15E-01
9.15E-01
9.15E-01
9.15E-01
9.15E-01
9.15E-01
9.15E-01
9.15E-01
9.15E-01
9.15E-01
9.15E-01
9.15E-01
9.15E-01
9.15E-01
9.16E-01
9.16E-01
9.16E-01
9.16E-01
9.16E-01
9.16E-01
9.16E-01
9.16E-01
9.16E-01
9.16E-01
9.16E-01
9.16E-01
9.16E-01
9.16E-01
9.16E-01
9.16E-01
9.16E-01
9.16E-01
9.16E-01
9.16E-01
9.16E-01
9.16E-01
9.16E-01
9.16E-01
9.16E-01
9.16E-01
9.16E-01
9.16E-01
9.16E-01
9.16E-01
9.16E-01
9.16E-01
9.16E-01
9.16E-01
9.16E-01
9.16E-01
9.16E-01
9.16E-01
9.16E-01
9.16E-01
9.16E-01
9.16E-01
9.16E-01
9.16E-01
9.16E-01
9.16E-01
9.16E-01
9.16E-01
9.16E-01
9.16E-01
9.16E-01
9.16E-01
9.16E-01
9.16E-01
9.16E-01
9.16E-01
9.16E-01
9.16E-01
9.16E-01
9.16E-01
9.16E-01
9.16E-01
9.16E-01
9.16E-01
9.16E-01
9.16E-01
9.16E-01
9.16E-01
9.16E-01
9.16E-01
9.16E-01
9.16E-01
9.16E-01
9.16E-01
9.16E-01
9.16E-01
9.16E-01
9.16E-01
9.16E-01
9.16E-01
9.16E-01
9.16E-01
9.16E-01
9.16E-01
9.16E-01
9.16E-01
9.16E-01
9.16E-01
9.16E-01
9.16E-01
9.16E-01
9.16E-01
9.16E-01
9.16E-01
9.16E-01
9.16E-01
9.16E-01
9.16E-01
9.16E-01
9.16E-01
9.16E-01
9.16E-01
9.16E-01
9.16E-01
9.16E-01
9.16E-01
9.16E-01
9.16E-01
9.16E-01
9.16E-01
9.16E-01
9.16E-01
9.16E-01
9.16E-01
9.16E-01
9.16E-01
9.16E-01
9.16E-01
9.16E-01
9.16E-01
9.16E-01
9.16E-01
9.16E-01
9.16E-01
9.16E-01
9.16E-01
9.16E-01
9.16E-01
9.16E-01
9.16E-01
9.16E-01
9.15E-01
9.15E-01
9.15E-01
9.15E-01
9.15E-01
9.15E-01
9.15E-01
9.15E-01
9.15E-01
9.15E-01
9.15E-01
9.15E-01
9.15E-01
9.15E-01
9.15E-01
9.15E-01
9.15E-01
9.15E-01
9.15E-01
9.15E-01
9.15E-01
9.15E-01
9.15E-01
9.15E-01
9.15E-01
9.15E-01
9.15E-01
9.15E-01
9.15E-01
9.15E-01
9.15E-01
9.15E-01
9.15E-01
9.15E-01
9.15E-01
9.15E-01
9.15E-01
9.15E-01
9.15E-01
9.15E-01
9.15E-01
9.15E-01
9.15E-01
9.15E-01
9.15E-01
9.15E-01
9.15E-01
9.15E-01
9.15E-01
9.15E-01
9.15E-01
9.15E-01
9.15E-01
9.15E-01
9.15E-01
9.15E-01
9.15E-01
9.14E-01
9.14E-01
9.14E-01
9.14E-01
9.14E-01
9.14E-01
9.14E-01
9.14E-01
9.14E-01
9.14E-01
9.14E-01
9.14E-01
9.14E-01
9.14E-01
9.14E-01
9.14E-01
9.14E-01
9.14E-01
9.14E-01
9.14E-01
9.14E-01
9.14E-01
9.14E-01
9.14E-01
9.14E-01
9.14E-01
9.14E-01
9.14E-01
9.14E-01
9.14E-01
9.14E-01
9.14E-01
9.14E-01
9.14E-01
9.14E-01
9.14E-01
9.14E-01
9.14E-01
9.14E-01
9.14E-01
9.14E-01
9.14E-01
9.14E-01
9.13E-01
9.13E-01
9.13E-01
9.13E-01
9.13E-01
9.13E-01
9.13E-01
9.13E-01
9.13E-01
9.13E-01
9.13E-01
9.13E-01
9.13E-01
9.13E-01
9.13E-01
9.13E-01
9.13E-01
9.13E-01
9.13E-01
9.13E-01
9.13E-01
9.13E-01
9.13E-01
9.13E-01
9.13E-01
9.13E-01
9.13E-01
9.13E-01
9.13E-01
9.13E-01
9.13E-01
9.13E-01
9.13E-01
9.13E-01
9.13E-01
9.13E-01
9.13E-01
9.12E-01
9.12E-01
9.12E-01
9.12E-01
9.12E-01
9.12E-01
9.12E-01
9.12E-01
9.12E-01
9.12E-01
9.12E-01
9.12E-01
9.12E-01
9.12E-01
9.12E-01
9.12E-01
9.12E-01
9.12E-01
9.12E-01
9.12E-01
9.12E-01
9.12E-01
9.12E-01
9.12E-01
9.12E-01
9.12E-01
9.12E-01
9.12E-01
9.12E-01
9.12E-01
9.12E-01
9.12E-01
9.12E-01
9.12E-01
9.11E-01
9.11E-01
9.11E-01
9.11E-01
9.11E-01
9.11E-01
9.11E-01
9.11E-01
9.11E-01
9.11E-01
9.11E-01
9.11E-01
9.11E-01
9.11E-01
9.11E-01
9.11E-01
9.11E-01
9.11E-01
9.11E-01
9.11E-01
9.11E-01
9.11E-01
9.11E-01
9.11E-01
9.11E-01
9.11E-01
9.11E-01
9.11E-01
9.11E-01
9.11E-01
9.11E-01
9.11E-01
9.11E-01
9.10E-01
9.10E-01
9.10E-01
9.10E-01
9.10E-01
9.10E-01
9.10E-01
9.10E-01
9.10E-01
9.10E-01
9.10E-01
9.10E-01
9.10E-01
9.10E-01
9.10E-01
9.10E-01
9.10E-01
9.10E-01
9.10E-01
9.10E-01
9.10E-01
9.10E-01
9.10E-01
9.10E-01
9.10E-01
9.10E-01
9.10E-01
9.10E-01
9.10E-01
9.10E-01
9.10E-01
9.10E-01
9.09E-01
9.09E-01
9.09E-01
9.09E-01
9.09E-01
9.09E-01
9.09E-01
9.09E-01
9.09E-01
9.09E-01
9.09E-01
9.09E-01
9.09E-01
9.09E-01
9.09E-01
9.09E-01
9.09E-01
9.09E-01
9.09E-01
9.09E-01
9.09E-01
9.09E-01
9.09E-01
9.09E-01
9.09E-01
9.09E-01
9.09E-01
9.09E-01
9.09E-01
9.09E-01
9.09E-01
9.08E-01
9.08E-01
9.08E-01
9.08E-01
9.08E-01
9.08E-01
9.08E-01
9.08E-01
9.08E-01
9.08E-01
9.08E-01
9.08E-01
9.08E-01
9.08E-01
9.08E-01
9.08E-01
9.08E-01
9.08E-01
9.08E-01
9.08E-01
9.08E-01
9.08E-01
9.08E-01
9.08E-01
9.08E-01
9.08E-01
9.08E-01
9.08E-01
9.08E-01
9.08E-01
9.07E-01
9.07E-01
9.07E-01
9.07E-01
9.07E-01
9.07E-01
9.07E-01
9.07E-01
9.07E-01
9.07E-01
9.07E-01
9.07E-01
9.07E-01
9.07E-01
9.07E-01
9.07E-01
9.07E-01
9.07E-01
9.07E-01
9.07E-01
9.07E-01
9.07E-01
9.07E-01
9.07E-01
9.07E-01
9.07E-01
9.07E-01
9.07E-01
9.07E-01
9.07E-01
9.05E-01
9.03E-01
9.02E-01
9.00E-01
8.99E-01
8.97E-01
8.96E-01
8.95E-01
8.94E-01
8.92E-01
8.91E-01
8.90E-01
8.89E-01
8.89E-01
8.88E-01
8.87E-01
8.86E-01
8.85E-01
8.85E-01
8.84E-01
8.84E-01
8.83E-01
8.83E-01
8.82E-01
8.82E-01
8.81E-01
8.81E-01
8.80E-01
8.80E-01
8.80E-01
8.79E-01
8.79E-01
8.79E-01
8.79E-01
8.78E-01
8.78E-01
8.78E-01
8.78E-01
8.77E-01
8.77E-01
8.77E-01
8.77E-01
8.77E-01
8.77E-01
8.76E-01
8.76E-01
8.76E-01
8.76E-01
8.76E-01
8.76E-01
8.76E-01
8.76E-01
8.76E-01
8.75E-01
8.75E-01
8.75E-01
8.75E-01
8.75E-01
8.75E-01
8.75E-01
8.75E-01
8.75E-01
8.75E-01
8.75E-01
8.75E-01
8.75E-01
8.75E-01
8.75E-01
8.75E-01
8.74E-01
8.74E-01
8.74E-01
8.74E-01
8.74E-01
8.74E-01
8.74E-01
8.74E-01
8.74E-01
8.74E-01
8.74E-01
