Moments of pf
7.71E-01
7.79E-01
7.88E-01
7.93E-01
7.96E-01
7.99E-01
8.00E-01
8.02E-01
8.03E-01
8.04E-01
8.04E-01
8.05E-01
8.05E-01
8.06E-01
8.06E-01
8.06E-01
8.07E-01
8.07E-01
8.07E-01
8.07E-01
8.08E-01
8.07E-01
8.07E-01
8.07E-01
8.08E-01
8.07E-01
8.08E-01
8.07E-01
8.07E-01
8.07E-01
8.07E-01
8.08E-01
8.08E-01
8.07E-01
8.07E-01
8.07E-01
8.07E-01
8.07E-01
8.08E-01
8.07E-01
8.08E-01
8.08E-01
8.08E-01
8.08E-01
8.08E-01
8.08E-01
8.09E-01
8.09E-01
8.09E-01
8.10E-01
8.10E-01
8.11E-01
8.11E-01
8.12E-01
8.14E-01
8.15E-01
8.16E-01
8.18E-01
8.20E-01
8.20E-01
8.21E-01
8.22E-01
8.23E-01
8.24E-01
8.25E-01
8.26E-01
8.27E-01
8.28E-01
8.29E-01
8.30E-01
8.31E-01
8.32E-01
8.33E-01
8.34E-01
8.36E-01
8.38E-01
8.42E-01
8.44E-01
8.46E-01
8.50E-01
8.54E-01
8.58E-01
8.62E-01
8.65E-01
8.68E-01
8.71E-01
8.73E-01
8.74E-01
8.77E-01
8.79E-01
8.80E-01
8.81E-01
8.82E-01
8.83E-01
8.85E-01
8.86E-01
8.88E-01
8.89E-01
8.90E-01
8.92E-01
8.93E-01
8.95E-01
8.96E-01
8.96E-01
8.96E-01
8.96E-01
8.95E-01
8.94E-01
8.92E-01
8.89E-01
8.85E-01
8.83E-01
8.81E-01
8.76E-01
8.74E-01
8.71E-01
8.69E-01
8.66E-01
8.63E-01
8.60E-01
8.57E-01
8.52E-01
8.45E-01
8.39E-01
8.33E-01
8.27E-01
8.21E-01
8.14E-01
8.08E-01
8.02E-01
7.96E-01
7.82E-01
7.69E-01
7.57E-01
7.46E-01
7.28E-01
7.14E-01
6.97E-01
6.88E-01
6.90E-01
6.79E-01
6.49E-01
3.80E-01
1.25E-01
5.19E-03
1.30E-03
3.25E-04
