Wavelength (m)
2.00E-07
2.20E-07
2.50E-07
2.80E-07
3.00E-07
3.30E-07
3.50E-07
3.80E-07
4.00E-07
4.30E-07
4.50E-07
4.80E-07
5.00E-07
5.30E-07
5.50E-07
5.80E-07
6.00E-07
6.30E-07
6.50E-07
6.80E-07
7.00E-07
7.30E-07
7.50E-07
7.80E-07
8.00E-07
8.30E-07
8.50E-07
8.80E-07
9.00E-07
9.30E-07
9.50E-07
9.80E-07
1.00E-06
1.05E-06
1.10E-06
1.15E-06
1.20E-06
1.25E-06
1.30E-06
1.35E-06
1.40E-06
1.45E-06
1.50E-06
1.55E-06
1.60E-06
1.65E-06
1.70E-06
1.75E-06
1.80E-06
1.85E-06
1.90E-06
1.95E-06
2.00E-06
2.10E-06
2.20E-06
2.30E-06
2.40E-06
2.50E-06
2.60E-06
2.65E-06
2.70E-06
2.75E-06
2.80E-06
2.85E-06
2.90E-06
2.95E-06
3.00E-06
3.05E-06
3.10E-06
3.15E-06
3.20E-06
3.25E-06
3.30E-06
3.35E-06
3.40E-06
3.50E-06
3.70E-06
3.80E-06
3.90E-06
4.10E-06
4.30E-06
4.50E-06
4.70E-06
4.90E-06
5.10E-06
5.30E-06
5.40E-06
5.50E-06
5.70E-06
5.90E-06
6.00E-06
6.10E-06
6.20E-06
6.30E-06
6.50E-06
6.70E-06
7.00E-06
7.10E-06
7.30E-06
7.60E-06
8.00E-06
8.60E-06
9.00E-06
9.60E-06
1.00E-05
1.05E-05
1.10E-05
1.15E-05
1.25E-05
1.35E-05
1.45E-05
1.50E-05
1.55E-05
1.65E-05
1.70E-05
1.75E-05
1.80E-05
1.85E-05
1.90E-05
1.95E-05
2.00E-05
2.10E-05
2.20E-05
2.30E-05
2.40E-05
2.50E-05
2.60E-05
2.70E-05
2.80E-05
2.90E-05
3.00E-05
3.25E-05
3.50E-05
3.75E-05
4.00E-05
4.50E-05
5.00E-05
6.00E-05
8.00E-05
1.00E-04
1.50E-04
2.00E-04
5.00E-04
1.00E-03
5.00E-03
1.00E-02
2.00E-02
