Wavelength (m)
2.00E-07
2.20E-07
2.40E-07
2.60E-07
2.80E-07
3.00E-07
3.20E-07
3.40E-07
3.60E-07
3.80E-07
4.00E-07
4.20E-07
4.40E-07
4.60E-07
4.80E-07
5.00E-07
5.20E-07
5.40E-07
5.60E-07
5.80E-07
6.00E-07
6.20E-07
6.40E-07
6.60E-07
6.80E-07
7.00E-07
7.20E-07
7.40E-07
7.60E-07
7.80E-07
8.00E-07
8.20E-07
8.40E-07
8.60E-07
8.80E-07
9.00E-07
9.20E-07
9.40E-07
9.60E-07
9.80E-07
1.00E-06
1.02E-06
1.04E-06
1.06E-06
1.08E-06
1.10E-06
1.12E-06
1.14E-06
1.16E-06
1.18E-06
1.20E-06
1.22E-06
1.24E-06
1.26E-06
1.28E-06
1.30E-06
1.32E-06
1.34E-06
1.36E-06
1.38E-06
1.40E-06
1.42E-06
1.44E-06
1.46E-06
1.48E-06
1.50E-06
1.52E-06
1.54E-06
1.56E-06
1.58E-06
1.60E-06
1.62E-06
1.64E-06
1.66E-06
1.68E-06
1.70E-06
1.72E-06
1.74E-06
1.76E-06
1.78E-06
1.80E-06
1.82E-06
1.84E-06
1.86E-06
1.88E-06
1.90E-06
1.92E-06
1.94E-06
1.96E-06
1.98E-06
2.00E-06
2.02E-06
2.04E-06
2.06E-06
2.08E-06
2.10E-06
2.12E-06
2.14E-06
2.16E-06
2.18E-06
2.20E-06
2.22E-06
2.24E-06
2.26E-06
2.28E-06
2.30E-06
2.32E-06
2.34E-06
2.36E-06
2.38E-06
2.40E-06
2.42E-06
2.44E-06
2.46E-06
2.48E-06
2.50E-06
2.52E-06
2.54E-06
2.56E-06
2.58E-06
2.60E-06
2.62E-06
2.64E-06
2.66E-06
2.68E-06
2.70E-06
2.72E-06
2.74E-06
2.76E-06
2.78E-06
2.80E-06
2.82E-06
2.84E-06
2.86E-06
2.88E-06
2.90E-06
2.92E-06
2.94E-06
2.96E-06
2.98E-06
3.00E-06
3.02E-06
3.04E-06
3.06E-06
3.08E-06
3.10E-06
3.12E-06
3.14E-06
3.16E-06
3.18E-06
3.20E-06
3.22E-06
3.24E-06
3.26E-06
3.28E-06
3.30E-06
3.32E-06
3.34E-06
3.36E-06
3.38E-06
3.40E-06
3.42E-06
3.44E-06
3.46E-06
3.48E-06
3.50E-06
3.52E-06
3.54E-06
3.56E-06
3.58E-06
3.60E-06
3.62E-06
3.64E-06
3.66E-06
3.68E-06
3.70E-06
3.72E-06
3.74E-06
3.76E-06
3.78E-06
3.80E-06
3.82E-06
3.84E-06
3.86E-06
3.88E-06
3.90E-06
3.92E-06
3.94E-06
3.96E-06
3.98E-06
4.00E-06
4.02E-06
4.04E-06
4.06E-06
4.08E-06
4.10E-06
4.12E-06
4.14E-06
4.16E-06
4.18E-06
4.20E-06
4.22E-06
4.24E-06
4.26E-06
4.28E-06
4.30E-06
4.32E-06
4.34E-06
4.36E-06
4.38E-06
4.40E-06
4.42E-06
4.44E-06
4.46E-06
4.48E-06
4.50E-06
4.52E-06
4.54E-06
4.56E-06
4.58E-06
4.60E-06
4.62E-06
4.64E-06
4.66E-06
4.68E-06
4.70E-06
4.72E-06
4.74E-06
4.76E-06
4.78E-06
4.80E-06
4.82E-06
4.84E-06
4.86E-06
4.88E-06
4.90E-06
4.92E-06
4.94E-06
4.96E-06
4.98E-06
5.00E-06
5.02E-06
5.04E-06
5.06E-06
5.08E-06
5.10E-06
5.12E-06
5.14E-06
5.16E-06
5.18E-06
5.20E-06
5.22E-06
5.24E-06
5.26E-06
5.28E-06
5.30E-06
5.32E-06
5.34E-06
5.36E-06
5.38E-06
5.40E-06
5.42E-06
5.44E-06
5.46E-06
5.48E-06
5.50E-06
5.52E-06
5.54E-06
5.56E-06
5.58E-06
5.60E-06
5.62E-06
5.64E-06
5.66E-06
5.68E-06
5.70E-06
5.72E-06
5.74E-06
5.76E-06
5.78E-06
5.80E-06
5.82E-06
5.84E-06
5.86E-06
5.88E-06
5.90E-06
5.92E-06
5.94E-06
5.96E-06
5.98E-06
6.00E-06
6.02E-06
6.04E-06
6.06E-06
6.08E-06
6.10E-06
6.12E-06
6.14E-06
6.16E-06
6.18E-06
6.20E-06
6.22E-06
6.24E-06
6.26E-06
6.28E-06
6.30E-06
6.32E-06
6.34E-06
6.36E-06
6.38E-06
6.40E-06
6.42E-06
6.44E-06
6.46E-06
6.48E-06
6.50E-06
6.52E-06
6.54E-06
6.56E-06
6.58E-06
6.60E-06
6.62E-06
6.64E-06
6.66E-06
6.68E-06
6.70E-06
6.72E-06
6.74E-06
6.76E-06
6.78E-06
6.80E-06
6.82E-06
6.84E-06
6.86E-06
6.88E-06
6.90E-06
6.92E-06
6.94E-06
6.96E-06
6.98E-06
7.00E-06
7.02E-06
7.04E-06
7.06E-06
7.08E-06
7.10E-06
7.12E-06
7.14E-06
7.16E-06
7.18E-06
7.20E-06
7.22E-06
7.24E-06
7.26E-06
7.28E-06
7.30E-06
7.32E-06
7.34E-06
7.36E-06
7.38E-06
7.40E-06
7.42E-06
7.44E-06
7.46E-06
7.48E-06
7.50E-06
7.52E-06
7.54E-06
7.56E-06
7.58E-06
7.60E-06
7.62E-06
7.64E-06
7.66E-06
7.68E-06
7.70E-06
7.72E-06
7.74E-06
7.76E-06
7.78E-06
7.80E-06
7.82E-06
7.84E-06
7.86E-06
7.88E-06
7.90E-06
7.92E-06
7.94E-06
7.96E-06
7.98E-06
8.00E-06
8.02E-06
8.04E-06
8.06E-06
8.08E-06
8.10E-06
8.12E-06
8.14E-06
8.16E-06
8.18E-06
8.20E-06
8.22E-06
8.24E-06
8.26E-06
8.28E-06
8.30E-06
8.32E-06
8.34E-06
8.36E-06
8.38E-06
8.40E-06
8.42E-06
8.44E-06
8.46E-06
8.48E-06
8.50E-06
8.52E-06
8.54E-06
8.56E-06
8.58E-06
8.60E-06
8.62E-06
8.64E-06
8.66E-06
8.68E-06
8.70E-06
8.72E-06
8.74E-06
8.76E-06
8.78E-06
8.80E-06
8.82E-06
8.84E-06
8.86E-06
8.88E-06
8.90E-06
8.92E-06
8.94E-06
8.96E-06
8.98E-06
9.00E-06
9.02E-06
9.04E-06
9.06E-06
9.08E-06
9.10E-06
9.12E-06
9.14E-06
9.16E-06
9.18E-06
9.20E-06
9.22E-06
9.24E-06
9.26E-06
9.28E-06
9.30E-06
9.32E-06
9.34E-06
9.36E-06
9.38E-06
9.40E-06
9.42E-06
9.44E-06
9.46E-06
9.48E-06
9.50E-06
9.52E-06
9.54E-06
9.56E-06
9.58E-06
9.60E-06
9.62E-06
9.64E-06
9.66E-06
9.68E-06
9.70E-06
9.72E-06
9.74E-06
9.76E-06
9.78E-06
9.80E-06
9.82E-06
9.84E-06
9.86E-06
9.88E-06
9.90E-06
9.92E-06
9.94E-06
9.96E-06
9.98E-06
1.00E-05
1.00E-05
1.00E-05
1.01E-05
1.01E-05
1.01E-05
1.01E-05
1.01E-05
1.02E-05
1.02E-05
1.02E-05
1.02E-05
1.02E-05
1.03E-05
1.03E-05
1.03E-05
1.03E-05
1.03E-05
1.04E-05
1.04E-05
1.04E-05
1.04E-05
1.04E-05
1.05E-05
1.05E-05
1.05E-05
1.05E-05
1.05E-05
1.06E-05
1.06E-05
1.06E-05
1.06E-05
1.06E-05
1.07E-05
1.07E-05
1.07E-05
1.07E-05
1.07E-05
1.08E-05
1.08E-05
1.08E-05
1.08E-05
1.08E-05
1.09E-05
1.09E-05
1.09E-05
1.09E-05
1.09E-05
1.10E-05
1.10E-05
1.10E-05
1.10E-05
1.10E-05
1.11E-05
1.11E-05
1.11E-05
1.11E-05
1.11E-05
1.12E-05
1.12E-05
1.12E-05
1.12E-05
1.12E-05
1.13E-05
1.13E-05
1.13E-05
1.13E-05
1.13E-05
1.14E-05
1.14E-05
1.14E-05
1.14E-05
1.14E-05
1.15E-05
1.15E-05
1.15E-05
1.15E-05
1.15E-05
1.16E-05
1.16E-05
1.16E-05
1.16E-05
1.16E-05
1.17E-05
1.17E-05
1.17E-05
1.17E-05
1.17E-05
1.18E-05
1.18E-05
1.18E-05
1.18E-05
1.18E-05
1.19E-05
1.19E-05
1.19E-05
1.19E-05
1.19E-05
1.20E-05
1.20E-05
1.20E-05
1.20E-05
1.20E-05
1.21E-05
1.21E-05
1.21E-05
1.21E-05
1.21E-05
1.22E-05
1.22E-05
1.22E-05
1.22E-05
1.22E-05
1.23E-05
1.23E-05
1.23E-05
1.23E-05
1.23E-05
1.24E-05
1.24E-05
1.24E-05
1.24E-05
1.24E-05
1.25E-05
1.25E-05
1.25E-05
1.25E-05
1.25E-05
1.26E-05
1.26E-05
1.26E-05
1.26E-05
1.26E-05
1.27E-05
1.27E-05
1.27E-05
1.27E-05
1.27E-05
1.28E-05
1.28E-05
1.28E-05
1.28E-05
1.28E-05
1.29E-05
1.29E-05
1.29E-05
1.29E-05
1.29E-05
1.30E-05
1.30E-05
1.30E-05
1.30E-05
1.30E-05
1.31E-05
1.31E-05
1.31E-05
1.31E-05
1.31E-05
1.32E-05
1.32E-05
1.32E-05
1.32E-05
1.32E-05
1.33E-05
1.33E-05
1.33E-05
1.33E-05
1.33E-05
1.34E-05
1.34E-05
1.34E-05
1.34E-05
1.34E-05
1.35E-05
1.35E-05
1.35E-05
1.35E-05
1.35E-05
1.36E-05
1.36E-05
1.36E-05
1.36E-05
1.36E-05
1.37E-05
1.37E-05
1.37E-05
1.37E-05
1.37E-05
1.38E-05
1.38E-05
1.38E-05
1.38E-05
1.38E-05
1.39E-05
1.39E-05
1.39E-05
1.39E-05
1.39E-05
1.40E-05
1.40E-05
1.40E-05
1.40E-05
1.40E-05
1.41E-05
1.41E-05
1.41E-05
1.41E-05
1.41E-05
1.42E-05
1.42E-05
1.42E-05
1.42E-05
1.42E-05
1.43E-05
1.43E-05
1.43E-05
1.43E-05
1.43E-05
1.44E-05
1.44E-05
1.44E-05
1.44E-05
1.44E-05
1.45E-05
1.45E-05
1.45E-05
1.45E-05
1.45E-05
1.46E-05
1.46E-05
1.46E-05
1.46E-05
1.46E-05
1.47E-05
1.47E-05
1.47E-05
1.47E-05
1.47E-05
1.48E-05
1.48E-05
1.48E-05
1.48E-05
1.48E-05
1.49E-05
1.49E-05
1.49E-05
1.49E-05
1.49E-05
1.50E-05
1.50E-05
1.50E-05
1.50E-05
1.50E-05
1.51E-05
1.51E-05
1.51E-05
1.51E-05
1.51E-05
1.52E-05
1.52E-05
1.52E-05
1.52E-05
1.52E-05
1.53E-05
1.53E-05
1.53E-05
1.53E-05
1.53E-05
1.54E-05
1.54E-05
1.54E-05
1.54E-05
1.54E-05
1.55E-05
1.55E-05
1.55E-05
1.55E-05
1.55E-05
1.56E-05
1.56E-05
1.56E-05
1.56E-05
1.56E-05
1.57E-05
1.57E-05
1.57E-05
1.57E-05
1.57E-05
1.58E-05
1.58E-05
1.58E-05
1.58E-05
1.58E-05
1.59E-05
1.59E-05
1.59E-05
1.59E-05
1.59E-05
1.60E-05
1.60E-05
1.60E-05
1.60E-05
1.60E-05
1.61E-05
1.61E-05
1.61E-05
1.61E-05
1.61E-05
1.62E-05
1.62E-05
1.62E-05
1.62E-05
1.62E-05
1.63E-05
1.63E-05
1.63E-05
1.63E-05
1.63E-05
1.64E-05
1.64E-05
1.64E-05
1.64E-05
1.64E-05
1.65E-05
1.65E-05
1.65E-05
1.65E-05
1.65E-05
1.66E-05
1.66E-05
1.66E-05
1.66E-05
1.66E-05
1.67E-05
1.67E-05
1.67E-05
1.67E-05
1.67E-05
1.68E-05
1.68E-05
1.68E-05
1.68E-05
1.68E-05
1.69E-05
1.69E-05
1.69E-05
1.69E-05
1.69E-05
1.70E-05
1.70E-05
1.70E-05
1.70E-05
1.70E-05
1.71E-05
1.71E-05
1.71E-05
1.71E-05
1.71E-05
1.72E-05
1.72E-05
1.72E-05
1.72E-05
1.72E-05
1.73E-05
1.73E-05
1.73E-05
1.73E-05
1.73E-05
1.74E-05
1.74E-05
1.74E-05
1.74E-05
1.74E-05
1.75E-05
1.75E-05
1.75E-05
1.75E-05
1.75E-05
1.76E-05
1.76E-05
1.76E-05
1.76E-05
1.76E-05
1.77E-05
1.77E-05
1.77E-05
1.77E-05
1.77E-05
1.78E-05
1.78E-05
1.78E-05
1.78E-05
1.78E-05
1.79E-05
1.79E-05
1.79E-05
1.79E-05
1.79E-05
1.80E-05
1.80E-05
1.80E-05
1.80E-05
1.80E-05
1.81E-05
1.81E-05
1.81E-05
1.81E-05
1.81E-05
1.82E-05
1.82E-05
1.82E-05
1.82E-05
1.82E-05
1.83E-05
1.83E-05
1.83E-05
1.83E-05
1.83E-05
1.84E-05
1.84E-05
1.84E-05
1.84E-05
1.84E-05
1.85E-05
1.85E-05
1.85E-05
1.85E-05
1.85E-05
1.86E-05
1.86E-05
1.86E-05
1.86E-05
1.86E-05
1.87E-05
1.87E-05
1.87E-05
1.87E-05
1.87E-05
1.88E-05
1.88E-05
1.88E-05
1.88E-05
1.88E-05
1.89E-05
1.89E-05
1.89E-05
1.89E-05
1.89E-05
1.90E-05
1.90E-05
1.90E-05
1.90E-05
1.90E-05
1.91E-05
1.91E-05
1.91E-05
1.91E-05
1.91E-05
1.92E-05
1.92E-05
1.92E-05
1.92E-05
1.92E-05
1.93E-05
1.93E-05
1.93E-05
1.93E-05
1.93E-05
1.94E-05
1.94E-05
1.94E-05
1.94E-05
1.94E-05
1.95E-05
1.95E-05
1.95E-05
1.95E-05
1.95E-05
1.96E-05
1.96E-05
1.96E-05
1.96E-05
1.96E-05
1.97E-05
1.97E-05
1.97E-05
1.97E-05
1.97E-05
1.98E-05
1.98E-05
1.98E-05
1.98E-05
1.98E-05
1.99E-05
1.99E-05
1.99E-05
1.99E-05
1.99E-05
2.00E-05
2.00E-05
2.00E-05
2.10E-05
2.20E-05
2.30E-05
2.40E-05
2.50E-05
2.60E-05
2.70E-05
2.80E-05
2.90E-05
3.00E-05
3.10E-05
3.20E-05
3.30E-05
3.40E-05
3.50E-05
3.60E-05
3.70E-05
3.80E-05
3.90E-05
4.00E-05
4.10E-05
4.20E-05
4.30E-05
4.40E-05
4.50E-05
4.60E-05
4.70E-05
4.80E-05
4.90E-05
5.00E-05
5.10E-05
5.20E-05
5.30E-05
5.40E-05
5.50E-05
5.60E-05
5.70E-05
5.80E-05
5.90E-05
6.00E-05
6.10E-05
6.20E-05
6.30E-05
6.40E-05
6.50E-05
6.60E-05
6.70E-05
6.80E-05
6.90E-05
7.00E-05
7.10E-05
7.20E-05
7.30E-05
7.40E-05
7.50E-05
7.60E-05
7.70E-05
7.80E-05
7.90E-05
8.00E-05
8.10E-05
8.20E-05
8.30E-05
8.40E-05
8.50E-05
8.60E-05
8.70E-05
8.80E-05
8.90E-05
9.00E-05
9.10E-05
9.20E-05
9.30E-05
9.40E-05
9.50E-05
9.60E-05
9.70E-05
9.80E-05
9.90E-05
1.00E-04
