Scattering (m-1)
1.91E-08
1.91E-08
1.91E-08
1.91E-08
1.91E-08
1.91E-08
1.91E-08
1.91E-08
1.91E-08
1.91E-08
1.91E-08
1.91E-08
1.91E-08
1.91E-08
1.91E-08
1.91E-08
1.91E-08
1.91E-08
1.91E-08
1.91E-08
1.91E-08
1.91E-08
1.91E-08
1.91E-08
1.91E-08
1.91E-08
1.91E-08
1.91E-08
1.91E-08
1.91E-08
1.91E-08
1.91E-08
1.91E-08
1.91E-08
1.91E-08
1.91E-08
1.91E-08
1.91E-08
1.91E-08
1.91E-08
1.91E-08
1.91E-08
1.91E-08
1.91E-08
1.91E-08
1.91E-08
1.91E-08
1.91E-08
1.91E-08
1.91E-08
1.91E-08
1.91E-08
1.91E-08
1.91E-08
1.91E-08
1.91E-08
1.91E-08
1.91E-08
1.91E-08
1.91E-08
1.91E-08
1.91E-08
1.91E-08
1.90E-08
1.90E-08
1.90E-08
1.90E-08
1.90E-08
1.90E-08
1.90E-08
1.90E-08
1.90E-08
1.90E-08
1.90E-08
1.90E-08
1.90E-08
1.90E-08
1.90E-08
1.90E-08
1.90E-08
1.90E-08
1.90E-08
1.89E-08
1.89E-08
1.89E-08
1.89E-08
1.89E-08
1.89E-08
1.89E-08
1.89E-08
1.89E-08
1.89E-08
1.89E-08
1.89E-08
1.89E-08
1.88E-08
1.88E-08
1.88E-08
1.88E-08
1.88E-08
1.88E-08
1.88E-08
1.88E-08
1.88E-08
1.88E-08
1.88E-08
1.87E-08
1.87E-08
1.87E-08
1.87E-08
1.87E-08
1.87E-08
1.87E-08
1.87E-08
1.87E-08
1.86E-08
1.86E-08
1.86E-08
1.86E-08
1.86E-08
1.86E-08
1.86E-08
1.86E-08
1.85E-08
1.85E-08
1.85E-08
1.85E-08
1.85E-08
1.85E-08
1.85E-08
1.84E-08
1.84E-08
1.84E-08
1.84E-08
1.84E-08
1.84E-08
1.84E-08
1.83E-08
1.83E-08
1.83E-08
1.83E-08
1.83E-08
1.83E-08
1.83E-08
1.82E-08
1.82E-08
1.82E-08
1.82E-08
1.82E-08
1.82E-08
1.81E-08
1.81E-08
1.81E-08
1.81E-08
1.81E-08
1.81E-08
1.80E-08
1.80E-08
1.80E-08
1.80E-08
1.80E-08
1.80E-08
1.79E-08
1.79E-08
1.79E-08
1.79E-08
1.79E-08
1.78E-08
1.78E-08
1.78E-08
1.78E-08
1.78E-08
1.78E-08
1.77E-08
1.77E-08
1.77E-08
1.77E-08
1.77E-08
1.76E-08
1.76E-08
1.76E-08
1.76E-08
1.76E-08
1.76E-08
1.75E-08
1.75E-08
1.75E-08
1.75E-08
1.75E-08
1.74E-08
1.74E-08
1.74E-08
1.74E-08
1.74E-08
1.74E-08
1.73E-08
1.73E-08
1.73E-08
1.73E-08
1.73E-08
1.72E-08
1.72E-08
1.72E-08
1.72E-08
1.72E-08
1.71E-08
1.71E-08
1.71E-08
1.71E-08
1.71E-08
1.71E-08
1.70E-08
1.70E-08
1.70E-08
1.70E-08
1.70E-08
1.69E-08
1.69E-08
1.69E-08
1.69E-08
1.69E-08
1.69E-08
1.68E-08
1.68E-08
1.68E-08
1.68E-08
1.68E-08
1.67E-08
1.67E-08
1.67E-08
1.67E-08
1.67E-08
1.67E-08
1.66E-08
1.66E-08
1.66E-08
1.66E-08
1.66E-08
1.66E-08
1.65E-08
1.65E-08
1.65E-08
1.65E-08
1.65E-08
1.64E-08
1.64E-08
1.64E-08
1.64E-08
1.64E-08
1.64E-08
1.63E-08
1.63E-08
1.63E-08
1.63E-08
1.63E-08
1.63E-08
1.62E-08
1.62E-08
1.62E-08
1.62E-08
1.62E-08
1.62E-08
1.62E-08
1.61E-08
1.61E-08
1.61E-08
1.61E-08
1.61E-08
1.61E-08
1.60E-08
1.60E-08
1.60E-08
1.60E-08
1.60E-08
1.60E-08
1.59E-08
1.59E-08
1.59E-08
1.59E-08
1.59E-08
1.59E-08
1.59E-08
1.58E-08
1.58E-08
1.58E-08
1.58E-08
1.58E-08
1.58E-08
1.58E-08
1.57E-08
1.57E-08
1.57E-08
1.57E-08
1.57E-08
1.57E-08
1.57E-08
1.56E-08
1.56E-08
1.56E-08
1.56E-08
1.56E-08
1.56E-08
1.56E-08
1.56E-08
1.55E-08
1.55E-08
1.55E-08
1.55E-08
1.55E-08
1.55E-08
1.55E-08
1.55E-08
1.54E-08
1.54E-08
1.54E-08
1.54E-08
1.54E-08
1.54E-08
1.54E-08
1.54E-08
1.53E-08
1.53E-08
1.53E-08
1.53E-08
1.53E-08
1.53E-08
1.53E-08
1.53E-08
1.53E-08
1.52E-08
1.52E-08
1.52E-08
1.52E-08
1.52E-08
1.52E-08
1.52E-08
1.52E-08
1.52E-08
1.51E-08
1.51E-08
1.51E-08
1.51E-08
1.51E-08
1.51E-08
1.51E-08
1.51E-08
1.51E-08
1.51E-08
1.50E-08
1.50E-08
1.50E-08
1.50E-08
1.50E-08
1.50E-08
1.50E-08
1.50E-08
1.50E-08
1.50E-08
1.50E-08
1.49E-08
1.49E-08
1.49E-08
1.49E-08
1.49E-08
1.49E-08
1.49E-08
1.49E-08
1.49E-08
1.49E-08
1.49E-08
1.48E-08
1.48E-08
1.48E-08
1.48E-08
1.48E-08
1.48E-08
1.48E-08
1.48E-08
1.48E-08
1.48E-08
1.48E-08
1.48E-08
1.48E-08
1.47E-08
1.47E-08
1.47E-08
1.47E-08
1.47E-08
1.47E-08
1.47E-08
1.47E-08
1.47E-08
1.47E-08
1.47E-08
1.47E-08
1.47E-08
1.47E-08
1.46E-08
1.46E-08
1.46E-08
1.46E-08
1.46E-08
1.46E-08
1.46E-08
1.46E-08
1.46E-08
1.46E-08
1.46E-08
1.46E-08
1.46E-08
1.46E-08
1.46E-08
1.46E-08
1.45E-08
1.45E-08
1.45E-08
1.45E-08
1.45E-08
1.45E-08
1.45E-08
1.45E-08
1.45E-08
1.45E-08
1.45E-08
1.45E-08
1.45E-08
1.45E-08
1.45E-08
1.45E-08
1.45E-08
1.45E-08
1.44E-08
1.44E-08
1.44E-08
1.44E-08
1.44E-08
1.44E-08
1.44E-08
1.44E-08
1.44E-08
1.44E-08
1.44E-08
1.44E-08
1.44E-08
1.44E-08
1.44E-08
1.44E-08
1.44E-08
1.44E-08
1.44E-08
1.44E-08
1.44E-08
1.44E-08
1.43E-08
1.43E-08
1.43E-08
1.43E-08
1.43E-08
1.43E-08
1.43E-08
1.43E-08
1.43E-08
1.43E-08
1.43E-08
1.43E-08
1.43E-08
1.43E-08
1.43E-08
1.43E-08
1.43E-08
1.43E-08
1.43E-08
1.43E-08
1.43E-08
1.43E-08
1.43E-08
1.43E-08
1.43E-08
1.43E-08
1.43E-08
1.43E-08
1.43E-08
1.42E-08
1.42E-08
1.42E-08
1.42E-08
1.42E-08
1.42E-08
1.42E-08
1.42E-08
1.42E-08
1.42E-08
1.42E-08
1.42E-08
1.42E-08
1.42E-08
1.42E-08
1.42E-08
1.42E-08
1.42E-08
1.42E-08
1.42E-08
1.42E-08
1.42E-08
1.42E-08
1.42E-08
1.42E-08
1.42E-08
1.42E-08
1.42E-08
1.42E-08
1.42E-08
1.42E-08
1.42E-08
1.42E-08
1.42E-08
1.42E-08
1.42E-08
1.42E-08
1.42E-08
1.42E-08
1.42E-08
1.42E-08
1.42E-08
1.42E-08
1.42E-08
1.42E-08
1.41E-08
1.41E-08
1.41E-08
1.41E-08
1.41E-08
1.41E-08
1.41E-08
1.41E-08
1.41E-08
1.41E-08
1.41E-08
1.41E-08
1.41E-08
1.41E-08
1.41E-08
1.41E-08
1.41E-08
1.41E-08
1.41E-08
1.41E-08
1.41E-08
1.41E-08
1.41E-08
1.41E-08
1.41E-08
1.41E-08
1.41E-08
1.41E-08
1.41E-08
1.41E-08
1.41E-08
1.41E-08
1.41E-08
1.41E-08
1.41E-08
1.41E-08
1.41E-08
1.41E-08
1.41E-08
1.41E-08
1.41E-08
1.41E-08
1.41E-08
1.41E-08
1.41E-08
1.41E-08
1.41E-08
1.41E-08
1.41E-08
1.41E-08
1.41E-08
1.41E-08
1.41E-08
1.41E-08
1.41E-08
1.41E-08
1.41E-08
1.41E-08
1.41E-08
1.41E-08
1.41E-08
1.41E-08
1.41E-08
1.41E-08
1.41E-08
1.41E-08
1.41E-08
1.41E-08
1.41E-08
1.41E-08
1.41E-08
1.41E-08
1.41E-08
1.41E-08
1.41E-08
1.41E-08
1.41E-08
1.41E-08
1.41E-08
1.41E-08
1.41E-08
1.41E-08
1.41E-08
1.41E-08
1.41E-08
1.41E-08
1.41E-08
1.41E-08
1.41E-08
1.41E-08
1.41E-08
1.41E-08
1.41E-08
1.41E-08
1.41E-08
1.41E-08
1.41E-08
1.41E-08
1.41E-08
1.41E-08
1.41E-08
1.41E-08
1.41E-08
1.41E-08
1.41E-08
1.41E-08
1.41E-08
1.41E-08
1.41E-08
1.41E-08
1.41E-08
1.41E-08
1.41E-08
1.41E-08
1.41E-08
1.41E-08
1.41E-08
1.41E-08
1.41E-08
1.41E-08
1.41E-08
1.41E-08
1.41E-08
1.41E-08
1.41E-08
1.41E-08
1.41E-08
1.41E-08
1.41E-08
1.41E-08
1.41E-08
1.41E-08
1.41E-08
1.41E-08
1.41E-08
1.41E-08
1.41E-08
1.41E-08
1.41E-08
1.41E-08
1.41E-08
1.41E-08
1.41E-08
1.41E-08
1.42E-08
1.42E-08
1.42E-08
1.42E-08
1.42E-08
1.42E-08
1.42E-08
1.42E-08
1.42E-08
1.42E-08
1.42E-08
1.42E-08
1.42E-08
1.42E-08
1.42E-08
1.42E-08
1.42E-08
1.42E-08
1.42E-08
1.42E-08
1.42E-08
1.42E-08
1.42E-08
1.42E-08
1.42E-08
1.42E-08
1.42E-08
1.42E-08
1.42E-08
1.42E-08
1.42E-08
1.42E-08
1.42E-08
1.42E-08
1.42E-08
1.42E-08
1.42E-08
1.42E-08
1.42E-08
1.42E-08
1.42E-08
1.42E-08
1.42E-08
1.42E-08
1.42E-08
1.42E-08
1.42E-08
1.42E-08
1.42E-08
1.42E-08
1.42E-08
1.42E-08
1.42E-08
1.42E-08
1.42E-08
1.42E-08
1.42E-08
1.42E-08
1.42E-08
1.42E-08
1.42E-08
1.42E-08
1.42E-08
1.42E-08
1.42E-08
1.43E-08
1.43E-08
1.43E-08
1.43E-08
1.43E-08
1.43E-08
1.43E-08
1.43E-08
1.43E-08
1.43E-08
1.43E-08
1.43E-08
1.43E-08
1.43E-08
1.43E-08
1.43E-08
1.43E-08
1.43E-08
1.43E-08
1.43E-08
1.43E-08
1.43E-08
1.43E-08
1.43E-08
1.43E-08
1.43E-08
1.43E-08
1.43E-08
1.43E-08
1.43E-08
1.43E-08
1.43E-08
1.43E-08
1.43E-08
1.43E-08
1.43E-08
1.43E-08
1.43E-08
1.43E-08
1.43E-08
1.43E-08
1.43E-08
1.43E-08
1.43E-08
1.43E-08
1.43E-08
1.43E-08
1.43E-08
1.43E-08
1.44E-08
1.44E-08
1.44E-08
1.44E-08
1.44E-08
1.44E-08
1.44E-08
1.44E-08
1.44E-08
1.44E-08
1.44E-08
1.44E-08
1.44E-08
1.44E-08
1.44E-08
1.44E-08
1.44E-08
1.44E-08
1.44E-08
1.44E-08
1.44E-08
1.44E-08
1.44E-08
1.44E-08
1.44E-08
1.44E-08
1.44E-08
1.44E-08
1.44E-08
1.44E-08
1.44E-08
1.44E-08
1.44E-08
1.44E-08
1.44E-08
1.44E-08
1.44E-08
1.44E-08
1.44E-08
1.44E-08
1.44E-08
1.44E-08
1.45E-08
1.45E-08
1.45E-08
1.45E-08
1.45E-08
1.45E-08
1.45E-08
1.45E-08
1.45E-08
1.45E-08
1.45E-08
1.45E-08
1.45E-08
1.45E-08
1.45E-08
1.45E-08
1.45E-08
1.45E-08
1.45E-08
1.45E-08
1.45E-08
1.45E-08
1.45E-08
1.45E-08
1.45E-08
1.45E-08
1.45E-08
1.45E-08
1.45E-08
1.45E-08
1.45E-08
1.45E-08
1.45E-08
1.45E-08
1.45E-08
1.45E-08
1.45E-08
1.45E-08
1.45E-08
1.46E-08
1.46E-08
1.46E-08
1.46E-08
1.46E-08
1.46E-08
1.46E-08
1.46E-08
1.46E-08
1.46E-08
1.46E-08
1.46E-08
1.46E-08
1.46E-08
1.46E-08
1.46E-08
1.46E-08
1.46E-08
1.46E-08
1.46E-08
1.46E-08
1.46E-08
1.46E-08
1.46E-08
1.46E-08
1.46E-08
1.46E-08
1.46E-08
1.46E-08
1.46E-08
1.46E-08
1.46E-08
1.46E-08
1.46E-08
1.46E-08
1.46E-08
1.46E-08
1.47E-08
1.47E-08
1.47E-08
1.47E-08
1.47E-08
1.47E-08
1.47E-08
1.47E-08
1.47E-08
1.47E-08
1.47E-08
1.47E-08
1.47E-08
1.47E-08
1.47E-08
1.47E-08
1.47E-08
1.47E-08
1.47E-08
1.47E-08
1.47E-08
1.47E-08
1.47E-08
1.47E-08
1.47E-08
1.47E-08
1.47E-08
1.47E-08
1.47E-08
1.47E-08
1.47E-08
1.47E-08
1.47E-08
1.47E-08
1.47E-08
1.47E-08
1.48E-08
1.48E-08
1.48E-08
1.48E-08
1.48E-08
1.48E-08
1.48E-08
1.48E-08
1.48E-08
1.48E-08
1.48E-08
1.48E-08
1.48E-08
1.48E-08
1.48E-08
1.48E-08
1.48E-08
1.48E-08
1.48E-08
1.48E-08
1.48E-08
1.48E-08
1.48E-08
1.48E-08
1.48E-08
1.48E-08
1.48E-08
1.48E-08
1.48E-08
1.48E-08
1.48E-08
1.48E-08
1.48E-08
1.48E-08
1.48E-08
1.49E-08
1.49E-08
1.49E-08
1.49E-08
1.49E-08
1.49E-08
1.49E-08
1.49E-08
1.49E-08
1.49E-08
1.49E-08
1.49E-08
1.49E-08
1.49E-08
1.49E-08
1.49E-08
1.49E-08
1.50E-08
1.52E-08
1.53E-08
1.55E-08
1.56E-08
1.58E-08
1.59E-08
1.60E-08
1.62E-08
1.63E-08
1.64E-08
1.65E-08
1.66E-08
1.67E-08
1.68E-08
1.69E-08
1.70E-08
1.70E-08
1.71E-08
1.72E-08
1.73E-08
1.73E-08
1.74E-08
1.75E-08
1.75E-08
1.76E-08
1.76E-08
1.77E-08
1.77E-08
1.77E-08
1.78E-08
1.78E-08
1.79E-08
1.79E-08
1.79E-08
1.80E-08
1.80E-08
1.80E-08
1.80E-08
1.81E-08
1.81E-08
1.81E-08
1.81E-08
1.81E-08
1.82E-08
1.82E-08
1.82E-08
1.82E-08
1.82E-08
1.83E-08
1.83E-08
1.83E-08
1.83E-08
1.83E-08
1.83E-08
1.83E-08
1.83E-08
1.83E-08
1.84E-08
1.84E-08
1.84E-08
1.84E-08
1.84E-08
1.84E-08
1.84E-08
1.84E-08
1.84E-08
1.84E-08
1.84E-08
1.84E-08
1.84E-08
1.84E-08
1.84E-08
1.85E-08
1.85E-08
1.85E-08
1.85E-08
1.85E-08
1.85E-08
1.85E-08
