Scattering (m-1)
8.53E-09
8.53E-09
8.54E-09
8.55E-09
8.55E-09
8.56E-09
8.56E-09
8.57E-09
8.58E-09
8.58E-09
8.58E-09
8.59E-09
8.59E-09
8.59E-09
8.60E-09
8.60E-09
8.60E-09
8.61E-09
8.61E-09
8.61E-09
8.62E-09
8.62E-09
8.62E-09
8.62E-09
8.62E-09
8.63E-09
8.63E-09
8.63E-09
8.63E-09
8.63E-09
8.63E-09
8.63E-09
8.63E-09
8.64E-09
8.63E-09
8.63E-09
8.63E-09
8.63E-09
8.62E-09
8.62E-09
8.61E-09
8.61E-09
8.60E-09
8.59E-09
8.58E-09
8.57E-09
8.56E-09
8.54E-09
8.53E-09
8.51E-09
8.50E-09
8.48E-09
8.46E-09
8.42E-09
8.37E-09
8.32E-09
8.26E-09
8.20E-09
8.14E-09
8.11E-09
8.08E-09
8.04E-09
8.01E-09
7.98E-09
7.94E-09
7.91E-09
7.87E-09
7.83E-09
7.80E-09
7.76E-09
7.72E-09
7.69E-09
7.65E-09
7.62E-09
7.58E-09
7.50E-09
7.36E-09
7.29E-09
7.22E-09
7.08E-09
6.95E-09
6.83E-09
6.72E-09
6.61E-09
6.52E-09
6.43E-09
6.38E-09
6.34E-09
6.27E-09
6.20E-09
6.17E-09
6.14E-09
6.11E-09
6.08E-09
6.03E-09
5.99E-09
5.93E-09
5.91E-09
5.88E-09
5.83E-09
5.78E-09
5.73E-09
5.70E-09
5.68E-09
5.66E-09
5.66E-09
5.65E-09
5.66E-09
5.67E-09
5.71E-09
5.75E-09
5.77E-09
5.80E-09
5.86E-09
5.90E-09
5.93E-09
5.97E-09
6.01E-09
6.05E-09
6.09E-09
6.13E-09
6.22E-09
6.32E-09
6.42E-09
6.52E-09
6.63E-09
6.74E-09
6.85E-09
6.96E-09
7.08E-09
7.19E-09
7.48E-09
7.77E-09
8.06E-09
8.34E-09
8.88E-09
9.37E-09
1.02E-08
1.12E-08
1.13E-08
9.47E-09
6.87E-09
8.44E-10
7.52E-11
1.23E-13
7.68E-15
4.79E-16
