                                                                       MOLECULAR VOLUME MIXING RATIOS BY LAYER
                                                                        molecular weights are in parentheses
           P(MB)     T(K)   H2O(18.0154)   CO2(44.0098)   O3(47.9982)    N2O(44.0128)   CO(28.0101)    CH4(16.0428)   O2(31.9988)    CCL4(153.8215) CFC11(137.370) CFC12(120.910)       
       1   972.90   307.87  0.2384675E-01  0.3600067E-03  0.8399248E-07  0.3199714E-06  0.1482881E-06  0.1699981E-05  0.2090051E+00  0.1105000E-09  0.2783000E-09  0.5027000E-09
       2   963.33   306.90  0.2408599E-01  0.3600002E-03  0.8398989E-07  0.3199989E-06  0.1478410E-06  0.1700002E-05  0.2090010E+00  0.1105000E-09  0.2783000E-09  0.5027000E-09
       3   943.53   305.22  0.2406762E-01  0.3600011E-03  0.8399068E-07  0.3200013E-06  0.1468991E-06  0.1699994E-05  0.2090024E+00  0.1105000E-09  0.2783000E-09  0.5027000E-09
       4   917.62   302.90  0.2395336E-01  0.3600000E-03  0.8396251E-07  0.3199989E-06  0.1456359E-06  0.1700008E-05  0.2089997E+00  0.1105000E-09  0.2783000E-09  0.5027000E-09
       5   879.95   299.73  0.2339675E-01  0.3599972E-03  0.8115156E-07  0.3200012E-06  0.1437342E-06  0.1699991E-05  0.2090005E+00  0.1105000E-09  0.2783000E-09  0.5027000E-09
       6   831.26   295.74  0.2180301E-01  0.3599966E-03  0.7626264E-07  0.3199980E-06  0.1411826E-06  0.1699995E-05  0.2089992E+00  0.1105000E-09  0.2783000E-09  0.5027000E-09
       7   784.67   291.89  0.2065694E-01  0.3600012E-03  0.7280424E-07  0.3200019E-06  0.1386080E-06  0.1700008E-05  0.2089995E+00  0.1105000E-09  0.2783000E-09  0.5027000E-09
       8   740.14   288.79  0.1609466E-01  0.3600004E-03  0.7024471E-07  0.3199985E-06  0.1360934E-06  0.1699986E-05  0.2089964E+00  0.1105000E-09  0.2783000E-09  0.5027000E-09
       9   697.61   285.34  0.1371876E-01  0.3600054E-03  0.6913695E-07  0.3200047E-06  0.1338210E-06  0.1700042E-05  0.2089993E+00  0.1105000E-09  0.2783000E-09  0.5027000E-09
      10   657.00   282.06  0.9231933E-02  0.3600021E-03  0.6893227E-07  0.3199980E-06  0.1319506E-06  0.1699993E-05  0.2089986E+00  0.1105000E-09  0.2783000E-09  0.5027000E-09
      11   618.26   277.85  0.9329428E-02  0.3599991E-03  0.6927266E-07  0.3200035E-06  0.1308695E-06  0.1700029E-05  0.2090022E+00  0.1105000E-09  0.2783000E-09  0.5027000E-09
      12   581.25   273.88  0.8566299E-02  0.3600022E-03  0.6948088E-07  0.3200020E-06  0.1304521E-06  0.1700008E-05  0.2090000E+00  0.1105000E-09  0.2783000E-09  0.5027000E-09
      13   546.00   270.53  0.6018997E-02  0.3600005E-03  0.6959362E-07  0.3200005E-06  0.1300502E-06  0.1700049E-05  0.2090018E+00  0.1105000E-09  0.2783000E-09  0.5027000E-09
      14   512.43   266.74  0.4333137E-02  0.3599967E-03  0.6973329E-07  0.3199948E-06  0.1293208E-06  0.1700014E-05  0.2089962E+00  0.1105000E-09  0.2783000E-09  0.5027000E-09
      15   480.49   263.32  0.1612707E-02  0.3599994E-03  0.7068844E-07  0.3200007E-06  0.1279816E-06  0.1699846E-05  0.2089997E+00  0.1105000E-09  0.2783000E-09  0.5027000E-09
      16   450.18   260.50  0.1303087E-02  0.3600011E-03  0.7194923E-07  0.3200010E-06  0.1259289E-06  0.1699341E-05  0.2089994E+00  0.1105000E-09  0.2783000E-09  0.5027000E-09
      17   421.49   258.11  0.1476662E-02  0.3600016E-03  0.7348748E-07  0.3200184E-06  0.1233671E-06  0.1698628E-05  0.2090000E+00  0.1105000E-09  0.2783000E-09  0.5027000E-09
      18   394.34   254.46  0.1205135E-02  0.3599997E-03  0.7569162E-07  0.3200255E-06  0.1202778E-06  0.1697641E-05  0.2089997E+00  0.1105000E-09  0.2783000E-09  0.5027000E-09
      19   368.57   250.57  0.1300371E-02  0.3599965E-03  0.7788062E-07  0.3199366E-06  0.1164051E-06  0.1696251E-05  0.2090004E+00  0.1105000E-09  0.2783000E-09  0.5027000E-09
      20   344.16   247.74  0.5452064E-03  0.3600005E-03  0.7992671E-07  0.3196963E-06  0.1118358E-06  0.1694277E-05  0.2089998E+00  0.1105000E-09  0.2783000E-09  0.5027000E-09
      21   321.07   243.89  0.2882129E-03  0.3600041E-03  0.8179219E-07  0.3192380E-06  0.1070151E-06  0.1691276E-05  0.2090008E+00  0.1105000E-09  0.2783000E-09  0.5027000E-09
      22   299.19   240.08  0.1676691E-03  0.3599979E-03  0.8346232E-07  0.3184508E-06  0.1021210E-06  0.1687260E-05  0.2089999E+00  0.1105000E-09  0.2783000E-09  0.5027000E-09
      23   268.97   234.26  0.1613217E-03  0.3599994E-03  0.8609072E-07  0.3161073E-06  0.9479519E-07  0.1680302E-05  0.2089998E+00  0.1105000E-09  0.2783000E-09  0.5027000E-09
      24   231.88   225.89  0.1148545E-03  0.3600049E-03  0.9326186E-07  0.3118273E-06  0.8418592E-07  0.1668926E-05  0.2089997E+00  0.1105000E-09  0.2783000E-09  0.5027000E-09
      25   198.90   219.00  0.5110384E-04  0.3600017E-03  0.1040370E-06  0.3072158E-06  0.7117178E-07  0.1653933E-05  0.2090012E+00  0.1105000E-09  0.2783000E-09  0.5027000E-09
      26   169.78   212.30  0.2212500E-04  0.3600008E-03  0.1135836E-06  0.3024375E-06  0.5699887E-07  0.1635877E-05  0.2089985E+00  0.1105000E-09  0.2783000E-09  0.5027000E-09
      27   144.30   207.68  0.1197292E-04  0.3600018E-03  0.1272238E-06  0.2972903E-06  0.4475647E-07  0.1615918E-05  0.2090008E+00  0.1105000E-09  0.2783000E-09  0.5027000E-09
      28   117.55   200.95  0.5216404E-05  0.3600004E-03  0.1779941E-06  0.2895325E-06  0.3314579E-07  0.1588274E-05  0.2090000E+00  0.1105000E-09  0.2783000E-09  0.5027000E-09
      29    91.26   204.34  0.1057436E-04  0.3599997E-03  0.3356064E-06  0.2759189E-06  0.2372362E-07  0.1546273E-05  0.2089999E+00  0.1105000E-09  0.2783000E-09  0.5027000E-09
      30    71.25   210.16  0.1261548E-04  0.3599997E-03  0.7103321E-06  0.2568575E-06  0.1669999E-07  0.1491635E-05  0.2089996E+00  0.1105000E-09  0.2783000E-09  0.5027000E-09
      31    55.92   213.27  0.5229069E-05  0.3600002E-03  0.1448699E-05  0.2326546E-06  0.1309671E-07  0.1408809E-05  0.2090000E+00  0.1105000E-09  0.2783000E-09  0.5027000E-09
      32    43.99   214.41  0.5480512E-05  0.3600000E-03  0.2779513E-05  0.2092318E-06  0.1231358E-07  0.1295675E-05  0.2090000E+00  0.1105000E-09  0.2783000E-09  0.5027000E-09
      33    34.71   218.76  0.1211032E-04  0.3600003E-03  0.4225532E-05  0.1946492E-06  0.1326996E-07  0.1175190E-05  0.2090002E+00  0.1105000E-09  0.2783000E-09  0.5027000E-09
      34    27.49   221.41  0.2089438E-04  0.3600000E-03  0.5941512E-05  0.1792047E-06  0.1468526E-07  0.1073388E-05  0.2090002E+00  0.1105000E-09  0.2783000E-09  0.5027000E-09
      35    21.84   226.40  0.4320475E-04  0.3599999E-03  0.7419094E-05  0.1661127E-06  0.1560911E-07  0.1012999E-05  0.2089997E+00  0.1105000E-09  0.2783000E-09  0.5027000E-09
      36    17.15   225.58  0.1451423E-04  0.3599974E-03  0.8414446E-05  0.1569518E-06  0.1613144E-07  0.9768755E-06  0.2089986E+00  0.1105000E-09  0.2783000E-09  0.5027000E-09
      37    13.49   225.69  0.4679570E-05  0.3600001E-03  0.9004270E-05  0.1471379E-06  0.1673640E-07  0.9367729E-06  0.2090000E+00  0.1105000E-09  0.2783000E-09  0.5027000E-09
      38    10.32   227.74  0.4763972E-05  0.3600001E-03  0.9128248E-05  0.1319584E-06  0.1761450E-07  0.8817705E-06  0.2090000E+00  0.1105000E-09  0.2783000E-09  0.5027000E-09
      39     7.60   231.31  0.4838691E-05  0.3600000E-03  0.8935558E-05  0.1122136E-06  0.1876924E-07  0.8145759E-06  0.2090000E+00  0.1105000E-09  0.2783000E-09  0.5027000E-09
      40     5.80   236.24  0.4895467E-05  0.3600001E-03  0.8419562E-05  0.9242072E-07  0.2009444E-07  0.7474213E-06  0.2090000E+00  0.1105000E-09  0.2783000E-09  0.5027000E-09
      41     4.46   241.55  0.4940150E-05  0.3600001E-03  0.7563359E-05  0.7230721E-07  0.2172727E-07  0.6791553E-06  0.2090001E+00  0.1105000E-09  0.2783000E-09  0.5027000E-09
      42     3.37   247.21  0.4991861E-05  0.3599999E-03  0.6340499E-05  0.5368457E-07  0.2376000E-07  0.6046438E-06  0.2089999E+00  0.1105000E-09  0.2783000E-09  0.5027000E-09
      43     2.54   253.03  0.5072809E-05  0.3599999E-03  0.5065837E-05  0.3775114E-07  0.2616617E-07  0.5237114E-06  0.2089999E+00  0.1105000E-09  0.2783000E-09  0.5027000E-09
      44     1.95   258.57  0.5161548E-05  0.3599999E-03  0.4051634E-05  0.2511650E-07  0.2898913E-07  0.4422671E-06  0.2090000E+00  0.1105000E-09  0.2783000E-09  0.5027000E-09
      45     1.51   264.17  0.5220057E-05  0.3600001E-03  0.3280505E-05  0.1628417E-07  0.3224433E-07  0.3646038E-06  0.2090001E+00  0.1105000E-09  0.2783000E-09  0.5027000E-09
      46     1.17   269.01  0.5244536E-05  0.3600001E-03  0.2697230E-05  0.1050928E-07  0.3621464E-07  0.2947482E-06  0.2090000E+00  0.1105000E-09  0.2783000E-09  0.5027000E-09
      47     0.91   270.88  0.5237176E-05  0.3600000E-03  0.2253980E-05  0.6428975E-08  0.4207030E-07  0.2361595E-06  0.2090000E+00  0.1105000E-09  0.2783000E-09  0.5027000E-09
      48     0.71   269.37  0.5209333E-05  0.3600000E-03  0.1901377E-05  0.3982352E-08  0.4924508E-07  0.1959871E-06  0.2090000E+00  0.1105000E-09  0.2783000E-09  0.5027000E-09
      49     0.55   265.78  0.5166315E-05  0.3600000E-03  0.1600905E-05  0.3093658E-08  0.5687154E-07  0.1750235E-06  0.2090000E+00  0.1105000E-09  0.2783000E-09  0.5027000E-09
      50     0.43   260.94  0.5094363E-05  0.3600000E-03  0.1348812E-05  0.2849589E-08  0.6646965E-07  0.1642489E-06  0.2090000E+00  0.1105000E-09  0.2783000E-09  0.5027000E-09
      51     0.33   255.58  0.4983669E-05  0.3600000E-03  0.1150322E-05  0.2568328E-08  0.7932829E-07  0.1568316E-06  0.2090001E+00  0.1105000E-09  0.2783000E-09  0.5027000E-09
      52     0.25   249.97  0.4835621E-05  0.3600000E-03  0.1000809E-05  0.2219818E-08  0.9657872E-07  0.1517427E-06  0.2090000E+00  0.1105000E-09  0.2783000E-09  0.5027000E-09
      53     0.17   241.94  0.4551507E-05  0.3599999E-03  0.8408675E-06  0.1840774E-08  0.1325449E-06  0.1497802E-06  0.2089999E+00  0.1105000E-09  0.2783000E-09  0.5027000E-09
      54     0.10   230.92  0.4072945E-05  0.3600000E-03  0.7038259E-06  0.1444000E-08  0.1991202E-06  0.1497387E-06  0.2090000E+00  0.1105000E-09  0.2783000E-09  0.5027000E-09
