The first HR value is a filler; the 2nd HR corresponds to the layer
between levels 54 and 55, the 3rd HR corresponds to the layer between
levels 53 and 54, etc.
     level  p(mb) flxup(W/m2) flxdn(W/m2) HR(K/day)
      55    0.07    292.65      0.00      0.00
      54    0.13    292.68      0.11    -11.62
      53    0.22    292.73      0.22     -6.18
      52    0.29    292.75      0.30     -6.79
      51    0.37    292.77      0.40     -7.67
      50    0.48    292.79      0.53     -8.87
      49    0.62    292.79      0.70    -10.26
      48    0.80    292.77      0.91    -11.47
      47    1.02    292.70      1.17    -11.99
      46    1.31    292.58      1.43    -11.21
      45    1.69    292.43      1.70     -9.26
      44    2.20    292.27      1.99     -7.51
      43    2.87    292.10      2.32     -6.25
      42    3.86    291.91      2.68     -5.22
      41    5.05    291.72      3.11     -4.30
      40    6.53    291.55      3.60     -3.37
      39    8.66    291.48      4.20     -2.51
      38   11.97    291.54      4.99     -2.00
      37   15.02    291.69      5.74     -1.66
      36   19.28    291.94      7.01     -2.00
      35   24.32    291.90      9.09     -3.54
      34   30.67    292.09     10.29     -1.35
      33   38.75    292.38     11.37     -0.83
      32   49.23    293.08     12.20     -0.11
      31   62.62    293.68     13.28     -0.30
      30   79.86    293.77     14.41     -0.51
      29  102.68    294.49     15.28     -0.05
      28  132.43    296.68     16.40      0.30
      27  156.10    298.67     19.01     -0.22
      26  183.40    301.43     23.18     -0.44
      25  214.43    305.28     30.81     -1.02
      24  249.34    310.90     42.51     -1.47
      23  288.55    317.37     55.86     -1.48
      22  309.82    320.60     62.63     -1.41
      21  332.34    324.29     71.80     -2.05
      20  356.00    327.67     83.47     -2.96
      19  381.10    333.51     99.93     -3.57
      18  407.59    339.38    112.99     -2.29
      17  435.47    344.45    125.92     -2.38
      16  464.90    349.15    136.09     -1.57
      15  496.05    354.99    148.37     -1.74
      14  528.77    362.99    170.16     -3.56
      13  563.19    372.32    192.59     -3.21
      12  599.27    383.78    215.91     -2.77
      11  637.20    396.83    237.99     -2.01
      10  676.88    407.57    257.47     -1.86
       9  718.42    420.75    281.84     -2.27
       8  761.89    432.44    305.05     -2.24
       7  807.43    450.06    334.82     -2.25
       6  855.10    467.96    364.22     -2.04
       5  904.80    487.95    396.02     -2.00
       4  930.40    497.02    411.06     -1.97
       3  956.64    507.30    428.19     -2.20
       2  970.03    511.64    435.99     -2.18
       1  975.77    514.94    439.25      0.05
