The first HR value is a filler; the 2nd HR corresponds to the layer
between levels 54 and 55, the 3rd HR corresponds to the layer between
levels 53 and 54, etc.
     level  p(mb) flxup(W/m2) flxdn(W/m2) HR(K/day)
      55    0.07    304.27      0.00      0.00
      54    0.13    304.30      0.11    -11.59
      53    0.22    304.34      0.22     -6.22
      52    0.29    304.36      0.30     -6.84
      51    0.37    304.39      0.40     -7.71
      50    0.48    304.40      0.53     -8.90
      49    0.62    304.41      0.70    -10.33
      48    0.80    304.38      0.92    -11.49
      47    1.02    304.31      1.17    -12.07
      46    1.31    304.19      1.44    -11.35
      45    1.70    304.04      1.72     -9.39
      44    2.20    303.88      2.01     -7.61
      43    2.87    303.70      2.33     -6.32
      42    3.77    303.51      2.70     -5.22
      41    4.99    303.31      3.12     -4.26
      40    6.64    303.13      3.59     -3.33
      39    8.89    303.03      4.16     -2.52
      38   11.97    303.03      4.92     -2.09
      37   14.99    303.08      5.64     -1.87
      36   18.80    303.19      6.49     -1.64
      35   23.61    303.37      7.46     -1.39
      34   29.72    303.62      8.54     -1.14
      33   37.45    303.96      9.70     -0.91
      32   47.29    304.37     10.95     -0.72
      31   59.79    304.64     12.31     -0.73
      30   77.49    304.59     12.67     -0.20
      29   99.89    305.76     13.28      0.21
      28  128.50    307.61     14.50      0.19
      27  151.50    309.52     16.27      0.05
      26  178.00    312.17     18.99     -0.02
      25  208.10    315.13     23.11     -0.33
      24  242.00    318.25     29.01     -0.69
      23  280.60    322.09     37.85     -1.10
      22  301.70    324.96     43.48     -1.10
      21  324.20    327.73     48.31     -0.78
      20  347.90    330.67     53.64     -0.85
      19  372.90    334.19     61.57     -1.49
      18  399.40    337.57     69.14     -1.34
      17  427.40    340.84     75.90     -1.05
      16  456.90    344.90     84.64     -1.34
      15  488.00    349.06     94.22     -1.47
      14  520.70    353.39    106.14     -1.96
      13  555.20    357.88    120.67     -2.45
      12  591.70    361.94    135.43     -2.48
      11  630.00    367.95    156.09     -3.22
      10  670.40    375.85    178.58     -3.05
       9  712.70    379.49    195.83     -2.72
       8  757.50    380.39    215.64     -3.56
       7  805.20    377.80    231.34     -3.24
       6  856.30    382.59    239.35     -0.53
       5  910.00    399.39    258.38     -0.35
       4  937.70    408.12    268.78     -0.51
       3  966.20    418.83    279.70     -0.06
       2  980.70    427.02    284.85      1.77
       1  987.00    445.12    288.22     19.76
