
*FILE TYPE =     6

                Single scattering parameters.


Scattering algorithm =     1   (Full Mie scattering calculation         )
Scattering type      =     0   (Unassigned          )

Number density   =  9.99828E-01 m-3
Effective radius =  6.00015E-05 m
Volume fraction  =  3.39286E-13

    Wavelength (m)      Absorption (m-1)    Scattering (m-1)     Moments of pf
     2.000000000E-07     1.977079138E-11     8.528440634E-09     7.706355257E-01
     2.200000000E-07     1.800187650E-11     8.532601763E-09     7.792003139E-01
     2.500000000E-07     1.575168809E-11     8.541468023E-09     7.877748057E-01
     2.800000000E-07     1.406581216E-11     8.547520873E-09     7.932084004E-01
     3.000000000E-07     1.313067022E-11     8.551657260E-09     7.958033180E-01
     3.300000000E-07     1.194680236E-11     8.561141480E-09     7.988494727E-01
     3.500000000E-07     1.130784912E-11     8.562969534E-09     8.001842066E-01
     3.800000000E-07     1.042580754E-11     8.573999444E-09     8.018318898E-01
     4.000000000E-07     9.884273026E-12     8.580044934E-09     8.027232046E-01
     4.300000000E-07     9.616234317E-12     8.579835216E-09     8.039996600E-01
     4.500000000E-07     9.588196311E-12     8.584656879E-09     8.043662207E-01
     4.800000000E-07     9.652307430E-12     8.587836433E-09     8.052815619E-01
     5.000000000E-07     9.861214383E-12     8.589753998E-09     8.053411529E-01
     5.300000000E-07     1.031329271E-11     8.593440790E-09     8.060012996E-01
     5.500000000E-07     1.062542090E-11     8.597294916E-09     8.062656954E-01
     5.800000000E-07     1.137903515E-11     8.604580792E-09     8.064190974E-01
     6.000000000E-07     1.184657334E-11     8.604116487E-09     8.068489206E-01
     6.300000000E-07     1.275488483E-11     8.607114013E-09     8.070021928E-01
     6.500000000E-07     1.345541955E-11     8.609332943E-09     8.070350097E-01
     6.800000000E-07     1.450056851E-11     8.612861315E-09     8.072948733E-01
     7.000000000E-07     1.526330396E-11     8.616892530E-09     8.078398029E-01
     7.300000000E-07     1.671576748E-11     8.617018111E-09     8.073870429E-01
     7.500000000E-07     1.774126941E-11     8.619782884E-09     8.073439550E-01
     7.800000000E-07     1.931499158E-11     8.621936325E-09     8.074111693E-01
     8.000000000E-07     2.045489201E-11     8.622285926E-09     8.076856695E-01
     8.300000000E-07     2.239179407E-11     8.626742040E-09     8.073172594E-01
     8.500000000E-07     2.366421454E-11     8.633494489E-09     8.078171562E-01
     8.800000000E-07     2.595916525E-11     8.629032100E-09     8.073917492E-01
     9.000000000E-07     2.743440512E-11     8.629215718E-09     8.074767829E-01
     9.300000000E-07     3.013353359E-11     8.632374398E-09     8.074508145E-01
     9.500000000E-07     3.176760640E-11     8.631042078E-09     8.073159354E-01
     9.800000000E-07     3.467632444E-11     8.632013385E-09     8.076025566E-01
     1.000000000E-06     3.700416684E-11     8.633540390E-09     8.076788257E-01
     1.050000000E-06     4.249521583E-11     8.637898641E-09     8.072292106E-01
     1.100000000E-06     4.860817063E-11     8.632395466E-09     8.071222117E-01
     1.150000000E-06     5.565555141E-11     8.632800824E-09     8.074168518E-01
     1.200000000E-06     6.351306482E-11     8.631545613E-09     8.072661078E-01
     1.250000000E-06     7.214255534E-11     8.627788045E-09     8.074674948E-01
     1.300000000E-06     8.156203270E-11     8.624466068E-09     8.076477917E-01
     1.350000000E-06     9.197907701E-11     8.620199834E-09     8.074191366E-01
     1.400000000E-06     1.035545812E-10     8.614062195E-09     8.075675486E-01
     1.450000000E-06     1.157510635E-10     8.609013712E-09     8.076699940E-01
     1.500000000E-06     1.292229865E-10     8.599472657E-09     8.078208295E-01
     1.550000000E-06     1.431690555E-10     8.590059049E-09     8.080338766E-01
     1.600000000E-06     1.586842688E-10     8.580543553E-09     8.083776190E-01
     1.650000000E-06     1.753761312E-10     8.569156081E-09     8.083805965E-01
     1.700000000E-06     1.929161151E-10     8.556645045E-09     8.087793206E-01
     1.750000000E-06     2.120075476E-10     8.544488271E-09     8.090165476E-01
     1.800000000E-06     2.314851126E-10     8.528216009E-09     8.094479510E-01
     1.850000000E-06     2.527267357E-10     8.513036218E-09     8.097949725E-01
     1.900000000E-06     2.747363170E-10     8.495428284E-09     8.102112862E-01
     1.950000000E-06     2.974942992E-10     8.476482690E-09     8.109785271E-01
     2.000000000E-06     3.222725555E-10     8.456594844E-09     8.113226088E-01
     2.100000000E-06     3.743946349E-10     8.415185696E-09     8.122273700E-01
     2.200000000E-06     4.308373740E-10     8.369313197E-09     8.135534264E-01
     2.300000000E-06     4.911314623E-10     8.317779479E-09     8.148013134E-01
     2.400000000E-06     5.559981593E-10     8.262775937E-09     8.162852109E-01
     2.500000000E-06     6.222625595E-10     8.202523698E-09     8.180709984E-01
     2.600000000E-06     6.939400410E-10     8.143214561E-09     8.196242827E-01
     2.650000000E-06     7.308012137E-10     8.111467205E-09     8.204036851E-01
     2.700000000E-06     7.679197443E-10     8.077390010E-09     8.213076327E-01
     2.750000000E-06     8.054817323E-10     8.044039746E-09     8.222520456E-01
     2.800000000E-06     8.440762525E-10     8.011526740E-09     8.231114033E-01
     2.850000000E-06     8.830480462E-10     7.977328269E-09     8.240814214E-01
     2.900000000E-06     9.218546106E-10     7.940993666E-09     8.251762392E-01
     2.950000000E-06     9.619036710E-10     7.907378998E-09     8.260554134E-01
     3.000000000E-06     1.001155207E-09     7.869969832E-09     8.271672742E-01
     3.050000000E-06     1.041804802E-09     7.834168694E-09     8.281757528E-01
     3.100000000E-06     1.081992811E-09     7.798268795E-09     8.292757145E-01
     3.150000000E-06     1.123449663E-09     7.761393203E-09     8.302595263E-01
     3.200000000E-06     1.163888923E-09     7.724263525E-09     8.313067776E-01
     3.250000000E-06     1.204582962E-09     7.688200342E-09     8.323504451E-01
     3.300000000E-06     1.246885301E-09     7.650292847E-09     8.334472833E-01
     3.350000000E-06     1.287323336E-09     7.615235184E-09     8.344124481E-01
     3.400000000E-06     1.327624184E-09     7.578777655E-09     8.356483526E-01
     3.500000000E-06     1.409619658E-09     7.502880102E-09     8.376515388E-01
     3.700000000E-06     1.570983335E-09     7.358927230E-09     8.419660940E-01
     3.800000000E-06     1.651048562E-09     7.288270056E-09     8.440615319E-01
     3.900000000E-06     1.728161092E-09     7.219898376E-09     8.459406893E-01
     4.100000000E-06     1.880695831E-09     7.080350494E-09     8.503114766E-01
     4.300000000E-06     2.025298604E-09     6.951577242E-09     8.544326636E-01
     4.500000000E-06     2.161212090E-09     6.831748120E-09     8.580721145E-01
     4.700000000E-06     2.289569972E-09     6.718725663E-09     8.617430345E-01
     4.900000000E-06     2.409980685E-09     6.612273058E-09     8.650824857E-01
     5.100000000E-06     2.522292540E-09     6.516215661E-09     8.681688209E-01
     5.300000000E-06     2.625606675E-09     6.426324682E-09     8.712303470E-01
     5.400000000E-06     2.674567975E-09     6.384241196E-09     8.726156629E-01
     5.500000000E-06     2.721945181E-09     6.343918761E-09     8.740049664E-01
     5.700000000E-06     2.810386522E-09     6.269187246E-09     8.765650012E-01
     5.900000000E-06     2.892146539E-09     6.201913166E-09     8.788501460E-01
     6.000000000E-06     2.930571628E-09     6.169635677E-09     8.800542753E-01
     6.100000000E-06     2.967890568E-09     6.140192564E-09     8.808962403E-01
     6.200000000E-06     3.003386160E-09     6.111310522E-09     8.819898056E-01
     6.300000000E-06     3.037176150E-09     6.083925606E-09     8.829522953E-01
     6.500000000E-06     3.101342685E-09     6.033034012E-09     8.847199302E-01
     6.700000000E-06     3.159881093E-09     5.988694806E-09     8.863577061E-01
     7.000000000E-06     3.241119288E-09     5.927731915E-09     8.884021623E-01
     7.100000000E-06     3.265841798E-09     5.909351000E-09     8.890418314E-01
     7.300000000E-06     3.313335709E-09     5.879286840E-09     8.899325907E-01
     7.600000000E-06     3.375710053E-09     5.832213173E-09     8.916692895E-01
     8.000000000E-06     3.448901241E-09     5.783592226E-09     8.933195354E-01
     8.600000000E-06     3.540725261E-09     5.729633289E-09     8.949334181E-01
     9.000000000E-06     3.591466019E-09     5.703659164E-09     8.956065321E-01
     9.600000000E-06     3.655627984E-09     5.676413492E-09     8.960869984E-01
     1.000000000E-05     3.691126984E-09     5.664406580E-09     8.960801323E-01
     1.050000000E-05     3.729039682E-09     5.655888997E-09     8.958402369E-01
     1.100000000E-05     3.760677761E-09     5.653739558E-09     8.952502351E-01
     1.150000000E-05     3.786863785E-09     5.656047037E-09     8.944334854E-01
     1.250000000E-05     3.826349122E-09     5.673794118E-09     8.920743006E-01
     1.350000000E-05     3.850745815E-09     5.705614037E-09     8.890075595E-01
     1.450000000E-05     3.862618471E-09     5.748519138E-09     8.853355527E-01
     1.500000000E-05     3.864933496E-09     5.774045584E-09     8.832851775E-01
     1.550000000E-05     3.864643767E-09     5.801599496E-09     8.810962703E-01
     1.650000000E-05     3.857297098E-09     5.862456913E-09     8.764379381E-01
     1.700000000E-05     3.850789816E-09     5.896051259E-09     8.739539517E-01
     1.750000000E-05     3.841934261E-09     5.931348594E-09     8.713893842E-01
     1.800000000E-05     3.831212778E-09     5.968542526E-09     8.687516947E-01
     1.850000000E-05     3.819298478E-09     6.007669433E-09     8.660405689E-01
     1.900000000E-05     3.805674142E-09     6.048174840E-09     8.632296639E-01
     1.950000000E-05     3.790220600E-09     6.089796361E-09     8.603705642E-01
     2.000000000E-05     3.773533800E-09     6.133509184E-09     8.574550765E-01
     2.100000000E-05     3.735635327E-09     6.223044780E-09     8.515750107E-01
     2.200000000E-05     3.693293613E-09     6.318135935E-09     8.454674663E-01
     2.300000000E-05     3.646968816E-09     6.417768239E-09     8.392849538E-01
     2.400000000E-05     3.596774245E-09     6.520463886E-09     8.330335291E-01
     2.500000000E-05     3.543123306E-09     6.627139709E-09     8.267507671E-01
     2.600000000E-05     3.487216694E-09     6.736325138E-09     8.205056076E-01
     2.700000000E-05     3.428579153E-09     6.847507937E-09     8.142956438E-01
     2.800000000E-05     3.368833279E-09     6.961202048E-09     8.081685435E-01
     2.900000000E-05     3.307481692E-09     7.075525517E-09     8.021128473E-01
     3.000000000E-05     3.245290288E-09     7.191087079E-09     7.961729855E-01
     3.250000000E-05     3.087788552E-09     7.482061519E-09     7.819362174E-01
     3.500000000E-05     2.930891116E-09     7.773540391E-09     7.687165061E-01
     3.750000000E-05     2.778021641E-09     8.060806477E-09     7.566737922E-01
     4.000000000E-05     2.631602102E-09     8.342068765E-09     7.458223031E-01
     4.500000000E-05     2.362881044E-09     8.877484599E-09     7.275627497E-01
     5.000000000E-05     2.129065176E-09     9.369292748E-09     7.137472861E-01
     6.000000000E-05     1.763526369E-09     1.019934741E-08     6.967734582E-01
     8.000000000E-05     1.340022452E-09     1.117594480E-08     6.881221185E-01
     1.000000000E-04     1.154514692E-09     1.125999585E-08     6.902905692E-01
     1.500000000E-04     7.555642468E-10     9.465045994E-09     6.790622654E-01
     2.000000000E-04     5.333148874E-10     6.873463137E-09     6.490120670E-01
     5.000000000E-04     1.413748065E-10     8.436409037E-10     3.799084233E-01
     1.000000000E-03     5.452148593E-11     7.521123006E-11     1.247652947E-01
     5.000000000E-03     9.553557326E-12     1.230478494E-13     5.193086477E-03
     1.000000000E-02     4.766063286E-12     7.675197242E-15     1.300031552E-03
     2.000000000E-02     2.392652086E-12     4.794524289E-16     3.251219606E-04

