
*FILE TYPE =     6

                Single scattering parameters.


Scattering algorithm =     1   (Full Mie scattering calculation         )
Scattering type      =     0   (Unassigned          )

Number density   =
Effective radius =
Volume fraction  =

    Wavelength (m)      Absorption (m-1)    Scattering (m-1)     Moments of pf
     2.000000000E-07     8.102801080E-11     1.905550916E-08     8.368383959E-01
     2.200000000E-07     4.519329221E-11     1.909134003E-08     8.434195250E-01
     2.400000000E-07     2.873174264E-11     1.910780921E-08     8.481606810E-01
     2.600000000E-07     2.020329469E-11     1.911634573E-08     8.516903503E-01
     2.800000000E-07     1.535728285E-11     1.912119288E-08     8.544002525E-01
     3.000000000E-07     1.241201290E-11     1.912410598E-08     8.565067345E-01
     3.200000000E-07     1.053207856E-11     1.912595212E-08     8.581788937E-01
     3.400000000E-07     9.293086844E-12     1.912729206E-08     8.595310874E-01
     3.600000000E-07     8.476527140E-12     1.912813656E-08     8.606926307E-01
     3.800000000E-07     7.933584614E-12     1.912857698E-08     8.616643459E-01
     4.000000000E-07     7.583511184E-12     1.912901996E-08     8.624821913E-01
     4.200000000E-07     7.376385379E-12     1.912918270E-08     8.631773848E-01
     4.400000000E-07     7.279706332E-12     1.912926959E-08     8.637739978E-01
     4.600000000E-07     7.271798285E-12     1.912928239E-08     8.642900931E-01
     4.800000000E-07     7.337930921E-12     1.912922669E-08     8.647402556E-01
     5.000000000E-07     7.467986328E-12     1.912910237E-08     8.651345831E-01
     5.200000000E-07     7.654985577E-12     1.912883855E-08     8.654822904E-01
     5.400000000E-07     7.894151965E-12     1.912864658E-08     8.657915699E-01
     5.600000000E-07     8.182258845E-12     1.912838768E-08     8.660672339E-01
     5.800000000E-07     8.517251764E-12     1.912798973E-08     8.663137789E-01
     6.000000000E-07     8.897919096E-12     1.912765292E-08     8.665362879E-01
     6.200000000E-07     9.323698285E-12     1.912722666E-08     8.667369214E-01
     6.400000000E-07     9.794560963E-12     1.912675413E-08     8.669195502E-01
     6.600000000E-07     1.031082241E-11     1.912619976E-08     8.670858371E-01
     6.800000000E-07     1.087313529E-11     1.912569329E-08     8.672376481E-01
     7.000000000E-07     1.148238249E-11     1.912506516E-08     8.673772144E-01
     7.200000000E-07     1.213982029E-11     1.912437352E-08     8.675054397E-01
     7.400000000E-07     1.284662963E-11     1.912368650E-08     8.676240309E-01
     7.600000000E-07     1.360434254E-11     1.912294917E-08     8.677340389E-01
     7.800000000E-07     1.441443561E-11     1.912214700E-08     8.678359025E-01
     8.000000000E-07     1.527874624E-11     1.912128938E-08     8.679310049E-01
     8.200000000E-07     1.619887117E-11     1.912036413E-08     8.680201048E-01
     8.400000000E-07     1.717683576E-11     1.911938158E-08     8.681035439E-01
     8.600000000E-07     1.821448945E-11     1.911832564E-08     8.681818462E-01
     8.800000000E-07     1.931386487E-11     1.911721613E-08     8.682558747E-01
     9.000000000E-07     2.047696015E-11     1.911606791E-08     8.683257842E-01
     9.200000000E-07     2.170591562E-11     1.911482723E-08     8.683919947E-01
     9.400000000E-07     2.300292421E-11     1.911355279E-08     8.684552423E-01
     9.600000000E-07     2.437008483E-11     1.911216846E-08     8.685153579E-01
     9.800000000E-07     2.580965010E-11     1.911072668E-08     8.685727863E-01
     1.000000000E-06     2.732382599E-11     1.910922760E-08     8.686280685E-01
     1.020000000E-06     2.891489385E-11     1.910764306E-08     8.686811988E-01
     1.040000000E-06     3.058517837E-11     1.910596779E-08     8.687321602E-01
     1.060000000E-06     3.233693294E-11     1.910421320E-08     8.687816237E-01
     1.080000000E-06     3.417250211E-11     1.910237998E-08     8.688297361E-01
     1.100000000E-06     3.609415511E-11     1.910044904E-08     8.688762837E-01
     1.120000000E-06     3.810426159E-11     1.909842748E-08     8.689217077E-01
     1.140000000E-06     4.020512271E-11     1.909634597E-08     8.689660798E-01
     1.160000000E-06     4.239910440E-11     1.909413878E-08     8.690096253E-01
     1.180000000E-06     4.468848971E-11     1.909187581E-08     8.690522337E-01
     1.200000000E-06     4.707565864E-11     1.908945975E-08     8.690942579E-01
     1.220000000E-06     4.956280969E-11     1.908699150E-08     8.691356601E-01
     1.240000000E-06     5.215236299E-11     1.908439477E-08     8.691765241E-01
     1.260000000E-06     5.484652249E-11     1.908169526E-08     8.692171918E-01
     1.280000000E-06     5.764761753E-11     1.907890779E-08     8.692575590E-01
     1.300000000E-06     6.055780710E-11     1.907598062E-08     8.692976715E-01
     1.320000000E-06     6.357946106E-11     1.907296729E-08     8.693373406E-01
     1.340000000E-06     6.671463938E-11     1.906983150E-08     8.693774475E-01
     1.360000000E-06     6.996557108E-11     1.906660274E-08     8.694170897E-01
     1.380000000E-06     7.333442290E-11     1.906322389E-08     8.694569597E-01
     1.400000000E-06     7.682326107E-11     1.905973551E-08     8.694970330E-01
     1.420000000E-06     8.043426528E-11     1.905610455E-08     8.695369022E-01
     1.440000000E-06     8.416935321E-11     1.905237338E-08     8.695774549E-01
     1.460000000E-06     8.803063538E-11     1.904852277E-08     8.696180775E-01
     1.480000000E-06     9.202020461E-11     1.904451237E-08     8.696590786E-01
     1.500000000E-06     9.613968848E-11     1.904039494E-08     8.697003344E-01
     1.520000000E-06     1.003910776E-10     1.903616777E-08     8.697419376E-01
     1.540000000E-06     1.047764519E-10     1.903177156E-08     8.697841051E-01
     1.560000000E-06     1.092972940E-10     1.902724294E-08     8.698267451E-01
     1.580000000E-06     1.139555407E-10     1.902258183E-08     8.698700373E-01
     1.600000000E-06     1.187531175E-10     1.901778430E-08     8.699138436E-01
     1.620000000E-06     1.236913005E-10     1.901285744E-08     8.699579785E-01
     1.640000000E-06     1.287717194E-10     1.900778139E-08     8.700035001E-01
     1.660000000E-06     1.339960036E-10     1.900255416E-08     8.700488405E-01
     1.680000000E-06     1.393657710E-10     1.899717334E-08     8.700949026E-01
     1.700000000E-06     1.448826696E-10     1.899166787E-08     8.701424114E-01
     1.720000000E-06     1.505473043E-10     1.898598098E-08     8.701897042E-01
     1.740000000E-06     1.563621485E-10     1.898017814E-08     8.702383299E-01
     1.760000000E-06     1.623273304E-10     1.897421727E-08     8.702872010E-01
     1.780000000E-06     1.684448917E-10     1.896811295E-08     8.703376397E-01
     1.800000000E-06     1.747155753E-10     1.896183942E-08     8.703887219E-01
     1.820000000E-06     1.811408391E-10     1.895540492E-08     8.704404755E-01
     1.840000000E-06     1.877210720E-10     1.894883148E-08     8.704932407E-01
     1.860000000E-06     1.944578216E-10     1.894208668E-08     8.705466171E-01
     1.880000000E-06     2.013523364E-10     1.893521101E-08     8.706011053E-01
     1.900000000E-06     2.084040938E-10     1.892814256E-08     8.706565614E-01
     1.920000000E-06     2.156156025E-10     1.892093144E-08     8.707126700E-01
     1.940000000E-06     2.229861464E-10     1.891357114E-08     8.707701080E-01
     1.960000000E-06     2.305172078E-10     1.890602786E-08     8.708282268E-01
     1.980000000E-06     2.382090579E-10     1.889832213E-08     8.708875337E-01
     2.000000000E-06     2.460623753E-10     1.889046482E-08     8.709478566E-01
     2.020000000E-06     2.540781065E-10     1.888247285E-08     8.710091743E-01
     2.040000000E-06     2.622554746E-10     1.887429256E-08     8.710714645E-01
     2.060000000E-06     2.705960630E-10     1.886596294E-08     8.711347398E-01
     2.080000000E-06     2.790995254E-10     1.885743388E-08     8.711992666E-01
     2.100000000E-06     2.877661840E-10     1.884879789E-08     8.712647012E-01
     2.120000000E-06     2.965962694E-10     1.883997447E-08     8.713309767E-01
     2.140000000E-06     3.055891127E-10     1.883093988E-08     8.713985115E-01
     2.160000000E-06     3.147462318E-10     1.882179548E-08     8.714671358E-01
     2.180000000E-06     3.240664381E-10     1.881246546E-08     8.715370284E-01
     2.200000000E-06     3.335500195E-10     1.880298874E-08     8.716081120E-01
     2.220000000E-06     3.431969255E-10     1.879335541E-08     8.716800076E-01
     2.240000000E-06     3.530064182E-10     1.878352333E-08     8.717532714E-01
     2.260000000E-06     3.629791949E-10     1.877357349E-08     8.718274007E-01
     2.280000000E-06     3.731139564E-10     1.876343679E-08     8.719025057E-01
     2.300000000E-06     3.834105725E-10     1.875311734E-08     8.719789256E-01
     2.320000000E-06     3.938689123E-10     1.874267130E-08     8.720567026E-01
     2.340000000E-06     4.044881146E-10     1.873206231E-08     8.721356457E-01
     2.360000000E-06     4.152678071E-10     1.872129383E-08     8.722153101E-01
     2.380000000E-06     4.262071314E-10     1.871035098E-08     8.722964068E-01
     2.400000000E-06     4.373057187E-10     1.869924194E-08     8.723784021E-01
     2.420000000E-06     4.485629935E-10     1.868798630E-08     8.724616389E-01
     2.440000000E-06     4.599770654E-10     1.867658346E-08     8.725457279E-01
     2.460000000E-06     4.715486080E-10     1.866499148E-08     8.726318425E-01
     2.480000000E-06     4.832754698E-10     1.865327442E-08     8.727184712E-01
     2.500000000E-06     4.951572915E-10     1.864137940E-08     8.728065495E-01
     2.520000000E-06     5.071932718E-10     1.862934936E-08     8.728952126E-01
     2.540000000E-06     5.193821043E-10     1.861716167E-08     8.729856240E-01
     2.560000000E-06     5.317222786E-10     1.860484421E-08     8.730767858E-01
     2.580000000E-06     5.442133634E-10     1.859230522E-08     8.731694519E-01
     2.600000000E-06     5.568535411E-10     1.857968045E-08     8.732630698E-01
     2.620000000E-06     5.696421739E-10     1.856690213E-08     8.733578565E-01
     2.640000000E-06     5.825771778E-10     1.855398471E-08     8.734534887E-01
     2.660000000E-06     5.956579807E-10     1.854087991E-08     8.735509376E-01
     2.680000000E-06     6.088831069E-10     1.852764520E-08     8.736489489E-01
     2.700000000E-06     6.222506631E-10     1.851428006E-08     8.737483657E-01
     2.720000000E-06     6.357597482E-10     1.850075875E-08     8.738485829E-01
     2.740000000E-06     6.494081552E-10     1.848713826E-08     8.739500164E-01
     2.760000000E-06     6.631953509E-10     1.847333869E-08     8.740525876E-01
     2.780000000E-06     6.771191562E-10     1.845943358E-08     8.741564221E-01
     2.800000000E-06     6.911782514E-10     1.844536297E-08     8.742613774E-01
     2.820000000E-06     7.053707039E-10     1.843116963E-08     8.743671268E-01
     2.840000000E-06     7.196947924E-10     1.841685089E-08     8.744740413E-01
     2.860000000E-06     7.341488298E-10     1.840239408E-08     8.745823327E-01
     2.880000000E-06     7.487313346E-10     1.838781562E-08     8.746910552E-01
     2.900000000E-06     7.634410177E-10     1.837308689E-08     8.748014850E-01
     2.920000000E-06     7.782745440E-10     1.835826125E-08     8.749126594E-01
     2.940000000E-06     7.932319197E-10     1.834330432E-08     8.750252104E-01
     2.960000000E-06     8.083101217E-10     1.832821497E-08     8.751385488E-01
     2.980000000E-06     8.235079824E-10     1.831302095E-08     8.752526983E-01
     3.000000000E-06     8.388224214E-10     1.829772969E-08     8.753685429E-01
     3.020000000E-06     8.542529981E-10     1.828227464E-08     8.754846438E-01
     3.040000000E-06     8.697971116E-10     1.826673568E-08     8.756021008E-01
     3.060000000E-06     8.854525139E-10     1.825109540E-08     8.757203984E-01
     3.080000000E-06     9.012182225E-10     1.823534620E-08     8.758400280E-01
     3.100000000E-06     9.170907816E-10     1.821945778E-08     8.759604051E-01
     3.120000000E-06     9.330699028E-10     1.820349177E-08     8.760818530E-01
     3.140000000E-06     9.491516572E-10     1.818743032E-08     8.762044360E-01
     3.160000000E-06     9.653357901E-10     1.817123247E-08     8.763276818E-01
     3.180000000E-06     9.816190087E-10     1.815492029E-08     8.764518932E-01
     3.200000000E-06     9.979972342E-10     1.813853035E-08     8.765771860E-01
     3.220000000E-06     1.014474101E-09     1.812208192E-08     8.767036259E-01
     3.240000000E-06     1.031042417E-09     1.810550377E-08     8.768300107E-01
     3.260000000E-06     1.047702627E-09     1.808885560E-08     8.769585490E-01
     3.280000000E-06     1.064453270E-09     1.807210356E-08     8.770869503E-01
     3.300000000E-06     1.081286928E-09     1.805524152E-08     8.772170895E-01
     3.320000000E-06     1.098209382E-09     1.803831725E-08     8.773475388E-01
     3.340000000E-06     1.115214759E-09     1.802131822E-08     8.774789497E-01
     3.360000000E-06     1.132298408E-09     1.800422925E-08     8.776108927E-01
     3.380000000E-06     1.149461781E-09     1.798708412E-08     8.777444784E-01
     3.400000000E-06     1.166700446E-09     1.796985176E-08     8.778780888E-01
     3.420000000E-06     1.184012658E-09     1.795255277E-08     8.780130592E-01
     3.440000000E-06     1.201393727E-09     1.793515729E-08     8.781486113E-01
     3.460000000E-06     1.218854937E-09     1.791769172E-08     8.782849902E-01
     3.480000000E-06     1.236375611E-09     1.790015078E-08     8.784220706E-01
     3.500000000E-06     1.253963849E-09     1.788258071E-08     8.785600609E-01
     3.520000000E-06     1.271613274E-09     1.786493747E-08     8.786986798E-01
     3.540000000E-06     1.289328606E-09     1.784721139E-08     8.788381401E-01
     3.560000000E-06     1.307103655E-09     1.782943064E-08     8.789781075E-01
     3.580000000E-06     1.324929884E-09     1.781161234E-08     8.791187836E-01
     3.600000000E-06     1.342814052E-09     1.779375741E-08     8.792598992E-01
     3.620000000E-06     1.360750113E-09     1.777578317E-08     8.794026106E-01
     3.640000000E-06     1.378739644E-09     1.775780312E-08     8.795451545E-01
     3.660000000E-06     1.396778560E-09     1.773978420E-08     8.796888729E-01
     3.680000000E-06     1.414862480E-09     1.772172671E-08     8.798326384E-01
     3.700000000E-06     1.432987588E-09     1.770359277E-08     8.799777040E-01
     3.720000000E-06     1.451156654E-09     1.768539395E-08     8.801233455E-01
     3.740000000E-06     1.469366842E-09     1.766718287E-08     8.802689749E-01
     3.760000000E-06     1.487618721E-09     1.764893119E-08     8.804155633E-01
     3.780000000E-06     1.505899617E-09     1.763063833E-08     8.805627002E-01
     3.800000000E-06     1.524222208E-09     1.761232574E-08     8.807103740E-01
     3.820000000E-06     1.542570057E-09     1.759401148E-08     8.808588165E-01
     3.840000000E-06     1.560956444E-09     1.757557546E-08     8.810076422E-01
     3.860000000E-06     1.579362480E-09     1.755719701E-08     8.811569398E-01
     3.880000000E-06     1.597800116E-09     1.753875837E-08     8.813068715E-01
     3.900000000E-06     1.616260206E-09     1.752028821E-08     8.814571568E-01
     3.920000000E-06     1.634744906E-09     1.750179475E-08     8.816079059E-01
     3.940000000E-06     1.653240202E-09     1.748331058E-08     8.817593190E-01
     3.960000000E-06     1.671766544E-09     1.746479247E-08     8.819111336E-01
     3.980000000E-06     1.690306636E-09     1.744623316E-08     8.820637492E-01
     4.000000000E-06     1.708861215E-09     1.742769428E-08     8.822163426E-01
     4.020000000E-06     1.727425073E-09     1.740912063E-08     8.823691606E-01
     4.040000000E-06     1.746002872E-09     1.739054948E-08     8.825228399E-01
     4.060000000E-06     1.764591220E-09     1.737195835E-08     8.826766444E-01
     4.080000000E-06     1.783185409E-09     1.735336307E-08     8.828310195E-01
     4.100000000E-06     1.801783961E-09     1.733475418E-08     8.829856909E-01
     4.120000000E-06     1.820386632E-09     1.731616602E-08     8.831408892E-01
     4.140000000E-06     1.838995079E-09     1.729756095E-08     8.832961124E-01
     4.160000000E-06     1.857604975E-09     1.727895366E-08     8.834515513E-01
     4.180000000E-06     1.876207754E-09     1.726035041E-08     8.836074841E-01
     4.200000000E-06     1.894808862E-09     1.724174697E-08     8.837637811E-01
     4.220000000E-06     1.913405746E-09     1.722316369E-08     8.839205853E-01
     4.240000000E-06     1.931996576E-09     1.720453440E-08     8.840776289E-01
     4.260000000E-06     1.950582218E-09     1.718597828E-08     8.842344807E-01
     4.280000000E-06     1.969154111E-09     1.716739387E-08     8.843920064E-01
     4.300000000E-06     1.987718034E-09     1.714880101E-08     8.845493754E-01
     4.320000000E-06     2.006266470E-09     1.713029273E-08     8.847074061E-01
     4.340000000E-06     2.024798917E-09     1.711173378E-08     8.848654866E-01
     4.360000000E-06     2.043323630E-09     1.709319484E-08     8.850236651E-01
     4.380000000E-06     2.061827604E-09     1.707469896E-08     8.851820426E-01
     4.400000000E-06     2.080312189E-09     1.705624038E-08     8.853409756E-01
     4.420000000E-06     2.098771380E-09     1.703778733E-08     8.854992500E-01
     4.440000000E-06     2.117215470E-09     1.701934492E-08     8.856585091E-01
     4.460000000E-06     2.135633139E-09     1.700091437E-08     8.858174533E-01
     4.480000000E-06     2.154031254E-09     1.698250513E-08     8.859766168E-01
     4.500000000E-06     2.172401358E-09     1.696414826E-08     8.861360217E-01
     4.520000000E-06     2.190742640E-09     1.694579115E-08     8.862953600E-01
     4.540000000E-06     2.209056893E-09     1.692749325E-08     8.864550702E-01
     4.560000000E-06     2.227341630E-09     1.690920659E-08     8.866146276E-01
     4.580000000E-06     2.245594133E-09     1.689095264E-08     8.867742635E-01
     4.600000000E-06     2.263814227E-09     1.687273640E-08     8.869338160E-01
     4.620000000E-06     2.282000589E-09     1.685455542E-08     8.870940160E-01
     4.640000000E-06     2.300155634E-09     1.683640840E-08     8.872535094E-01
     4.660000000E-06     2.318270090E-09     1.681827908E-08     8.874134865E-01
     4.680000000E-06     2.336348275E-09     1.680017859E-08     8.875731944E-01
     4.700000000E-06     2.354389209E-09     1.678214804E-08     8.877331176E-01
     4.720000000E-06     2.372392069E-09     1.676417416E-08     8.878929133E-01
     4.740000000E-06     2.390354304E-09     1.674620381E-08     8.880526577E-01
     4.760000000E-06     2.408269688E-09     1.672827849E-08     8.882123161E-01
     4.780000000E-06     2.426148801E-09     1.671041792E-08     8.883723058E-01
     4.800000000E-06     2.443982101E-09     1.669255963E-08     8.885314471E-01
     4.820000000E-06     2.461766245E-09     1.667476484E-08     8.886913516E-01
     4.840000000E-06     2.479510233E-09     1.665705297E-08     8.888510811E-01
     4.860000000E-06     2.497206691E-09     1.663935355E-08     8.890104694E-01
     4.880000000E-06     2.514852137E-09     1.662168397E-08     8.891697062E-01
     4.900000000E-06     2.532451753E-09     1.660410039E-08     8.893289339E-01
     4.920000000E-06     2.549999136E-09     1.658655906E-08     8.894879663E-01
     4.940000000E-06     2.567496635E-09     1.656902521E-08     8.896472446E-01
     4.960000000E-06     2.584943516E-09     1.655161890E-08     8.898061396E-01
     4.980000000E-06     2.602342219E-09     1.653420163E-08     8.899645570E-01
     5.000000000E-06     2.619682666E-09     1.651683990E-08     8.901235056E-01
     5.020000000E-06     2.636968669E-09     1.649958441E-08     8.902817310E-01
     5.040000000E-06     2.654203607E-09     1.648235359E-08     8.904399710E-01
     5.060000000E-06     2.671379618E-09     1.646515549E-08     8.905977383E-01
     5.080000000E-06     2.688500358E-09     1.644804420E-08     8.907557140E-01
     5.100000000E-06     2.705561001E-09     1.643098099E-08     8.909132490E-01
     5.120000000E-06     2.722565652E-09     1.641398365E-08     8.910710266E-01
     5.140000000E-06     2.739514074E-09     1.639702351E-08     8.912279225E-01
     5.160000000E-06     2.756404586E-09     1.638011085E-08     8.913852625E-01
     5.180000000E-06     2.773231355E-09     1.636331207E-08     8.915416268E-01
     5.200000000E-06     2.789996609E-09     1.634654896E-08     8.916982283E-01
     5.220000000E-06     2.806703948E-09     1.632985223E-08     8.918544538E-01
     5.240000000E-06     2.823347787E-09     1.631318067E-08     8.920106322E-01
     5.260000000E-06     2.839929720E-09     1.629660952E-08     8.921665537E-01
     5.280000000E-06     2.856448097E-09     1.628010134E-08     8.923214816E-01
     5.300000000E-06     2.872901774E-09     1.626363789E-08     8.924767891E-01
     5.320000000E-06     2.889294361E-09     1.624723813E-08     8.926314693E-01
     5.340000000E-06     2.905619589E-09     1.623093162E-08     8.927863534E-01
     5.360000000E-06     2.921883320E-09     1.621468018E-08     8.929406401E-01
     5.380000000E-06     2.938076502E-09     1.619846380E-08     8.930942907E-01
     5.400000000E-06     2.954205055E-09     1.618236512E-08     8.932479690E-01
     5.420000000E-06     2.970269503E-09     1.616626801E-08     8.934010764E-01
     5.440000000E-06     2.986264805E-09     1.615025208E-08     8.935542314E-01
     5.460000000E-06     3.002193525E-09     1.613435439E-08     8.937066601E-01
     5.480000000E-06     3.018050662E-09     1.611848184E-08     8.938590121E-01
     5.500000000E-06     3.033842404E-09     1.610270315E-08     8.940110162E-01
     5.520000000E-06     3.049564414E-09     1.608697986E-08     8.941623459E-01
     5.540000000E-06     3.065215195E-09     1.607132326E-08     8.943138534E-01
     5.560000000E-06     3.080804296E-09     1.605574278E-08     8.944641400E-01
     5.580000000E-06     3.096314901E-09     1.604021902E-08     8.946146082E-01
     5.600000000E-06     3.111758604E-09     1.602478602E-08     8.947647025E-01
     5.620000000E-06     3.127132496E-09     1.600941025E-08     8.949142486E-01
     5.640000000E-06     3.142432171E-09     1.599411591E-08     8.950633355E-01
     5.660000000E-06     3.157665417E-09     1.597887038E-08     8.952123733E-01
     5.680000000E-06     3.172823760E-09     1.596371835E-08     8.953605210E-01
     5.700000000E-06     3.187909454E-09     1.594865965E-08     8.955079874E-01
     5.720000000E-06     3.202925661E-09     1.593360713E-08     8.956558296E-01
     5.740000000E-06     3.217871407E-09     1.591867767E-08     8.958030261E-01
     5.760000000E-06     3.232737230E-09     1.590382218E-08     8.959493823E-01
     5.780000000E-06     3.247536883E-09     1.588900385E-08     8.960956695E-01
     5.800000000E-06     3.262260456E-09     1.587425701E-08     8.962414989E-01
     5.820000000E-06     3.276915861E-09     1.585962124E-08     8.963865912E-01
     5.840000000E-06     3.291494131E-09     1.584506584E-08     8.965315919E-01
     5.860000000E-06     3.305999910E-09     1.583054809E-08     8.966755030E-01
     5.880000000E-06     3.320431181E-09     1.581611506E-08     8.968196853E-01
     5.900000000E-06     3.334786863E-09     1.580175376E-08     8.969631265E-01
     5.920000000E-06     3.349069236E-09     1.578745688E-08     8.971059199E-01
     5.940000000E-06     3.363279093E-09     1.577327048E-08     8.972482481E-01
     5.960000000E-06     3.377417641E-09     1.575910694E-08     8.973901739E-01
     5.980000000E-06     3.391475746E-09     1.574505413E-08     8.975317069E-01
     6.000000000E-06     3.405467434E-09     1.573108145E-08     8.976724414E-01
     6.020000000E-06     3.419379674E-09     1.571715890E-08     8.978128882E-01
     6.040000000E-06     3.433213361E-09     1.570331270E-08     8.979526592E-01
     6.060000000E-06     3.446976095E-09     1.568953569E-08     8.980926413E-01
     6.080000000E-06     3.460668548E-09     1.567587387E-08     8.982311475E-01
     6.100000000E-06     3.474280184E-09     1.566225599E-08     8.983695924E-01
     6.120000000E-06     3.487821893E-09     1.564871960E-08     8.985077434E-01
     6.140000000E-06     3.501285400E-09     1.563524126E-08     8.986449265E-01
     6.160000000E-06     3.514673980E-09     1.562186141E-08     8.987814146E-01
     6.180000000E-06     3.527989748E-09     1.560854891E-08     8.989178459E-01
     6.200000000E-06     3.541230495E-09     1.559533741E-08     8.990538346E-01
     6.220000000E-06     3.554394142E-09     1.558216704E-08     8.991890439E-01
     6.240000000E-06     3.567483715E-09     1.556905522E-08     8.993236588E-01
     6.260000000E-06     3.580499483E-09     1.555602965E-08     8.994574892E-01
     6.280000000E-06     3.593440882E-09     1.554310176E-08     8.995912876E-01
     6.300000000E-06     3.606305108E-09     1.553023070E-08     8.997241973E-01
     6.320000000E-06     3.619100324E-09     1.551744505E-08     8.998563695E-01
     6.340000000E-06     3.631814072E-09     1.550474403E-08     8.999882942E-01
     6.360000000E-06     3.644457439E-09     1.549210900E-08     9.001201145E-01
     6.380000000E-06     3.657021889E-09     1.547951323E-08     9.002507097E-01
     6.400000000E-06     3.669519456E-09     1.546702540E-08     9.003808065E-01
     6.420000000E-06     3.681937119E-09     1.545460536E-08     9.005108283E-01
     6.440000000E-06     3.694278054E-09     1.544226324E-08     9.006398177E-01
     6.460000000E-06     3.706550207E-09     1.542999992E-08     9.007680309E-01
     6.480000000E-06     3.718744806E-09     1.541778839E-08     9.008959394E-01
     6.500000000E-06     3.730863971E-09     1.540567068E-08     9.010234261E-01
     6.520000000E-06     3.742916955E-09     1.539364580E-08     9.011500755E-01
     6.540000000E-06     3.754887594E-09     1.538167683E-08     9.012768170E-01
     6.560000000E-06     3.766791091E-09     1.536977596E-08     9.014019798E-01
     6.580000000E-06     3.778616357E-09     1.535793374E-08     9.015273255E-01
     6.600000000E-06     3.790368597E-09     1.534617576E-08     9.016516615E-01
     6.620000000E-06     3.802048749E-09     1.533451351E-08     9.017753775E-01
     6.640000000E-06     3.813656789E-09     1.532289294E-08     9.018987476E-01
     6.660000000E-06     3.825188743E-09     1.531137002E-08     9.020215157E-01
     6.680000000E-06     3.836650373E-09     1.529987299E-08     9.021435380E-01
     6.700000000E-06     3.848037337E-09     1.528851759E-08     9.022649650E-01
     6.720000000E-06     3.859355245E-09     1.527718912E-08     9.023857039E-01
     6.740000000E-06     3.870600523E-09     1.526593256E-08     9.025065896E-01
     6.760000000E-06     3.881769327E-09     1.525477076E-08     9.026261168E-01
     6.780000000E-06     3.892868273E-09     1.524366177E-08     9.027448671E-01
     6.800000000E-06     3.903896164E-09     1.523264735E-08     9.028635589E-01
     6.820000000E-06     3.914848649E-09     1.522171748E-08     9.029816752E-01
     6.840000000E-06     3.925734029E-09     1.521080695E-08     9.030985998E-01
     6.860000000E-06     3.936548933E-09     1.519998821E-08     9.032155892E-01
     6.880000000E-06     3.947288245E-09     1.518926241E-08     9.033312792E-01
     6.900000000E-06     3.957958083E-09     1.517857871E-08     9.034474192E-01
     6.920000000E-06     3.968558410E-09     1.516798863E-08     9.035618150E-01
     6.940000000E-06     3.979085855E-09     1.515748350E-08     9.036764383E-01
     6.960000000E-06     3.989545842E-09     1.514700462E-08     9.037902324E-01
     6.980000000E-06     3.999932372E-09     1.513657888E-08     9.039031463E-01
     7.000000000E-06     4.010252212E-09     1.512628143E-08     9.040157280E-01
     7.020000000E-06     4.020499586E-09     1.511603925E-08     9.041273225E-01
     7.040000000E-06     4.030678768E-09     1.510588093E-08     9.042386945E-01
     7.060000000E-06     4.040789497E-09     1.509576325E-08     9.043494460E-01
     7.080000000E-06     4.050830106E-09     1.508571552E-08     9.044593808E-01
     7.100000000E-06     4.060803634E-09     1.507573884E-08     9.045685700E-01
     7.120000000E-06     4.070706838E-09     1.506585039E-08     9.046775012E-01
     7.140000000E-06     4.080543268E-09     1.505598407E-08     9.047858007E-01
     7.160000000E-06     4.090311189E-09     1.504626376E-08     9.048936319E-01
     7.180000000E-06     4.100007365E-09     1.503652353E-08     9.050002178E-01
     7.200000000E-06     4.109639373E-09     1.502691288E-08     9.051068044E-01
     7.220000000E-06     4.119204125E-09     1.501734793E-08     9.052126684E-01
     7.240000000E-06     4.128698750E-09     1.500786674E-08     9.053175767E-01
     7.260000000E-06     4.138128381E-09     1.499839848E-08     9.054221423E-01
     7.280000000E-06     4.147492210E-09     1.498905417E-08     9.055260607E-01
     7.300000000E-06     4.156785554E-09     1.497975601E-08     9.056293723E-01
     7.320000000E-06     4.166017541E-09     1.497052916E-08     9.057319376E-01
     7.340000000E-06     4.175180551E-09     1.496135412E-08     9.058339882E-01
     7.360000000E-06     4.184278996E-09     1.495226105E-08     9.059357792E-01
     7.380000000E-06     4.193313488E-09     1.494321734E-08     9.060369692E-01
     7.400000000E-06     4.202277872E-09     1.493425790E-08     9.061373020E-01
     7.420000000E-06     4.211178902E-09     1.492538264E-08     9.062366639E-01
     7.440000000E-06     4.220018958E-09     1.491653393E-08     9.063356884E-01
     7.460000000E-06     4.228792905E-09     1.490774626E-08     9.064342596E-01
     7.480000000E-06     4.237504694E-09     1.489904976E-08     9.065322531E-01
     7.500000000E-06     4.246148529E-09     1.489037457E-08     9.066293237E-01
     7.520000000E-06     4.254731271E-09     1.488179190E-08     9.067261537E-01
     7.540000000E-06     4.263246368E-09     1.487333399E-08     9.068220561E-01
     7.560000000E-06     4.271699967E-09     1.486485003E-08     9.069175257E-01
     7.580000000E-06     4.280094746E-09     1.485645216E-08     9.070123051E-01
     7.600000000E-06     4.288425835E-09     1.484811289E-08     9.071066396E-01
     7.620000000E-06     4.296687047E-09     1.483984405E-08     9.072000336E-01
     7.640000000E-06     4.304894931E-09     1.483166777E-08     9.072933009E-01
     7.660000000E-06     4.313040835E-09     1.482350790E-08     9.073855217E-01
     7.680000000E-06     4.321119629E-09     1.481543402E-08     9.074775399E-01
     7.700000000E-06     4.329138854E-09     1.480740655E-08     9.075687591E-01
     7.720000000E-06     4.337098514E-09     1.479941622E-08     9.076592775E-01
     7.740000000E-06     4.344997020E-09     1.479155405E-08     9.077494420E-01
     7.760000000E-06     4.352832726E-09     1.478371044E-08     9.078391023E-01
     7.780000000E-06     4.360612196E-09     1.477594488E-08     9.079276835E-01
     7.800000000E-06     4.368328789E-09     1.476822890E-08     9.080157760E-01
     7.820000000E-06     4.375986551E-09     1.476059270E-08     9.081039213E-01
     7.840000000E-06     4.383588684E-09     1.475297101E-08     9.081907126E-01
     7.860000000E-06     4.391124864E-09     1.474545075E-08     9.082770814E-01
     7.880000000E-06     4.398606290E-09     1.473792148E-08     9.083631606E-01
     7.900000000E-06     4.406026052E-09     1.473049040E-08     9.084485938E-01
     7.920000000E-06     4.413389875E-09     1.472316109E-08     9.085333301E-01
     7.940000000E-06     4.420694253E-09     1.471587621E-08     9.086173964E-01
     7.960000000E-06     4.427944966E-09     1.470860351E-08     9.087006451E-01
     7.980000000E-06     4.435135975E-09     1.470140347E-08     9.087837147E-01
     8.000000000E-06     4.442266197E-09     1.469426979E-08     9.088659392E-01
     8.020000000E-06     4.449343123E-09     1.468723193E-08     9.089481474E-01
     8.040000000E-06     4.456360529E-09     1.468018045E-08     9.090291225E-01
     8.060000000E-06     4.463321114E-09     1.467324047E-08     9.091098119E-01
     8.080000000E-06     4.470232563E-09     1.466632720E-08     9.091901199E-01
     8.100000000E-06     4.477079661E-09     1.465945754E-08     9.092696665E-01
     8.120000000E-06     4.483875991E-09     1.465265097E-08     9.093485560E-01
     8.140000000E-06     4.490615763E-09     1.464592187E-08     9.094270997E-01
     8.160000000E-06     4.497299895E-09     1.463921418E-08     9.095047999E-01
     8.180000000E-06     4.503925315E-09     1.463261068E-08     9.095821484E-01
     8.200000000E-06     4.510498579E-09     1.462605044E-08     9.096587355E-01
     8.220000000E-06     4.517020678E-09     1.461952919E-08     9.097348913E-01
     8.240000000E-06     4.523488485E-09     1.461304999E-08     9.098101549E-01
     8.260000000E-06     4.529900762E-09     1.460665749E-08     9.098852714E-01
     8.280000000E-06     4.536259025E-09     1.460027794E-08     9.099597319E-01
     8.300000000E-06     4.542569797E-09     1.459398926E-08     9.100336383E-01
     8.320000000E-06     4.548819536E-09     1.458771207E-08     9.101068090E-01
     8.340000000E-06     4.555019425E-09     1.458151692E-08     9.101797402E-01
     8.360000000E-06     4.561165228E-09     1.457540824E-08     9.102519960E-01
     8.380000000E-06     4.567265560E-09     1.456925316E-08     9.103231377E-01
     8.400000000E-06     4.573308041E-09     1.456326006E-08     9.103943929E-01
     8.420000000E-06     4.579297742E-09     1.455725373E-08     9.104650800E-01
     8.440000000E-06     4.585240298E-09     1.455132392E-08     9.105352660E-01
     8.460000000E-06     4.591130535E-09     1.454542433E-08     9.106045229E-01
     8.480000000E-06     4.596966838E-09     1.453956027E-08     9.106733684E-01
     8.500000000E-06     4.602753010E-09     1.453376165E-08     9.107415639E-01
     8.520000000E-06     4.608492943E-09     1.452806221E-08     9.108093330E-01
     8.540000000E-06     4.614179468E-09     1.452236207E-08     9.108770588E-01
     8.560000000E-06     4.619819803E-09     1.451674651E-08     9.109436372E-01
     8.580000000E-06     4.625407570E-09     1.451115634E-08     9.110099570E-01
     8.600000000E-06     4.630946186E-09     1.450560399E-08     9.110754521E-01
     8.620000000E-06     4.636434098E-09     1.450011421E-08     9.111406417E-01
     8.640000000E-06     4.641876712E-09     1.449465964E-08     9.112054046E-01
     8.660000000E-06     4.647270120E-09     1.448928255E-08     9.112694496E-01
     8.680000000E-06     4.652611187E-09     1.448392864E-08     9.113333565E-01
     8.700000000E-06     4.657909105E-09     1.447863725E-08     9.113958206E-01
     8.720000000E-06     4.663154338E-09     1.447335549E-08     9.114581799E-01
     8.740000000E-06     4.668357477E-09     1.446820747E-08     9.115208396E-01
     8.760000000E-06     4.673512527E-09     1.446304128E-08     9.115820001E-01
     8.780000000E-06     4.678615914E-09     1.445791448E-08     9.116431752E-01
     8.800000000E-06     4.683678505E-09     1.445287372E-08     9.117034782E-01
     8.820000000E-06     4.688691097E-09     1.444785984E-08     9.117633984E-01
     8.840000000E-06     4.693658829E-09     1.444287738E-08     9.118229684E-01
     8.860000000E-06     4.698578002E-09     1.443794480E-08     9.118816074E-01
     8.880000000E-06     4.703450690E-09     1.443309886E-08     9.119397933E-01
     8.900000000E-06     4.708280661E-09     1.442826229E-08     9.119976039E-01
     8.920000000E-06     4.713067734E-09     1.442346902E-08     9.120553108E-01
     8.940000000E-06     4.717805091E-09     1.441873407E-08     9.121121973E-01
     8.960000000E-06     4.722499689E-09     1.441401311E-08     9.121688095E-01
     8.980000000E-06     4.727147816E-09     1.440939282E-08     9.122239310E-01
     9.000000000E-06     4.731753427E-09     1.440476786E-08     9.122798927E-01
     9.020000000E-06     4.736312526E-09     1.440024226E-08     9.123344998E-01
     9.040000000E-06     4.740831480E-09     1.439572073E-08     9.123889655E-01
     9.060000000E-06     4.745305169E-09     1.439124722E-08     9.124428524E-01
     9.080000000E-06     4.749733562E-09     1.438682318E-08     9.124963701E-01
     9.100000000E-06     4.754121440E-09     1.438243117E-08     9.125494018E-01
     9.120000000E-06     4.758464282E-09     1.437808162E-08     9.126017010E-01
     9.140000000E-06     4.762766090E-09     1.437375748E-08     9.126538762E-01
     9.160000000E-06     4.767025564E-09     1.436953506E-08     9.127049295E-01
     9.180000000E-06     4.771238211E-09     1.436530501E-08     9.127563723E-01
     9.200000000E-06     4.775412285E-09     1.436114359E-08     9.128064924E-01
     9.220000000E-06     4.779546495E-09     1.435698318E-08     9.128565186E-01
     9.240000000E-06     4.783634040E-09     1.435291270E-08     9.129065885E-01
     9.260000000E-06     4.787688882E-09     1.434885808E-08     9.129553854E-01
     9.280000000E-06     4.791695951E-09     1.434485355E-08     9.130041225E-01
     9.300000000E-06     4.795664193E-09     1.434089430E-08     9.130521771E-01
     9.320000000E-06     4.799589094E-09     1.433696534E-08     9.130998390E-01
     9.340000000E-06     4.803477610E-09     1.433305038E-08     9.131469884E-01
     9.360000000E-06     4.807322175E-09     1.432919599E-08     9.131935868E-01
     9.380000000E-06     4.811127486E-09     1.432539622E-08     9.132399924E-01
     9.400000000E-06     4.814893891E-09     1.432163378E-08     9.132860581E-01
     9.420000000E-06     4.818619117E-09     1.431792684E-08     9.133313097E-01
     9.440000000E-06     4.822311638E-09     1.431424393E-08     9.133761533E-01
     9.460000000E-06     4.825958255E-09     1.431056919E-08     9.134204849E-01
     9.480000000E-06     4.829565412E-09     1.430697770E-08     9.134648377E-01
     9.500000000E-06     4.833137004E-09     1.430340819E-08     9.135081138E-01
     9.520000000E-06     4.836669411E-09     1.429987569E-08     9.135511585E-01
     9.540000000E-06     4.840162090E-09     1.429639138E-08     9.135936315E-01
     9.560000000E-06     4.843618052E-09     1.429292957E-08     9.136363160E-01
     9.580000000E-06     4.847036860E-09     1.428949530E-08     9.136777302E-01
     9.600000000E-06     4.850414636E-09     1.428615518E-08     9.137192459E-01
     9.620000000E-06     4.853759474E-09     1.428280489E-08     9.137599220E-01
     9.640000000E-06     4.857064704E-09     1.427950562E-08     9.138004175E-01
     9.660000000E-06     4.860332598E-09     1.427622390E-08     9.138407482E-01
     9.680000000E-06     4.863562084E-09     1.427297789E-08     9.138803702E-01
     9.700000000E-06     4.866758470E-09     1.426977808E-08     9.139194110E-01
     9.720000000E-06     4.869916121E-09     1.426661488E-08     9.139581171E-01
     9.740000000E-06     4.873039872E-09     1.426348956E-08     9.139963259E-01
     9.760000000E-06     4.876126391E-09     1.426042727E-08     9.140342103E-01
     9.780000000E-06     4.879174978E-09     1.425736146E-08     9.140717752E-01
     9.800000000E-06     4.882190269E-09     1.425434369E-08     9.141084966E-01
     9.820000000E-06     4.885167993E-09     1.425135513E-08     9.141454390E-01
     9.840000000E-06     4.888112381E-09     1.424842773E-08     9.141816470E-01
     9.860000000E-06     4.891023119E-09     1.424555100E-08     9.142174840E-01
     9.880000000E-06     4.893892142E-09     1.424268280E-08     9.142523766E-01
     9.900000000E-06     4.896735456E-09     1.423985519E-08     9.142881234E-01
     9.920000000E-06     4.899537211E-09     1.423703911E-08     9.143220243E-01
     9.940000000E-06     4.902307280E-09     1.423425496E-08     9.143563719E-01
     9.960000000E-06     4.905042606E-09     1.423149024E-08     9.143900758E-01
     9.980000000E-06     4.907747823E-09     1.422876457E-08     9.144232876E-01
     1.000000000E-05     4.910415510E-09     1.422612547E-08     9.144563684E-01
     1.002000000E-05     4.913050606E-09     1.422348944E-08     9.144890587E-01
     1.004000000E-05     4.915653420E-09     1.422089513E-08     9.145209954E-01
     1.006000000E-05     4.918219592E-09     1.421833445E-08     9.145524883E-01
     1.008000000E-05     4.920758087E-09     1.421577170E-08     9.145840452E-01
     1.010000000E-05     4.923260783E-09     1.421328610E-08     9.146146936E-01
     1.012000000E-05     4.925729779E-09     1.421082261E-08     9.146453345E-01
     1.014000000E-05     4.928169699E-09     1.420838046E-08     9.146755050E-01
     1.016000000E-05     4.930573419E-09     1.420597037E-08     9.147052373E-01
     1.018000000E-05     4.932949140E-09     1.420361003E-08     9.147348013E-01
     1.020000000E-05     4.935288708E-09     1.420125661E-08     9.147634985E-01
     1.022000000E-05     4.937596805E-09     1.419895638E-08     9.147922590E-01
     1.024000000E-05     4.939877941E-09     1.419667311E-08     9.148209229E-01
     1.026000000E-05     4.942124721E-09     1.419441054E-08     9.148483051E-01
     1.028000000E-05     4.944336359E-09     1.419220593E-08     9.148754748E-01
     1.030000000E-05     4.946524946E-09     1.419002786E-08     9.149029034E-01
     1.032000000E-05     4.948678187E-09     1.418785001E-08     9.149295616E-01
     1.034000000E-05     4.950799096E-09     1.418574711E-08     9.149558245E-01
     1.036000000E-05     4.952891453E-09     1.418365914E-08     9.149820005E-01
     1.038000000E-05     4.954954804E-09     1.418160883E-08     9.150076027E-01
     1.040000000E-05     4.956986745E-09     1.417957710E-08     9.150328600E-01
     1.042000000E-05     4.958986700E-09     1.417756252E-08     9.150575456E-01
     1.044000000E-05     4.960959495E-09     1.417557324E-08     9.150822269E-01
     1.046000000E-05     4.962903111E-09     1.417363309E-08     9.151062209E-01
     1.048000000E-05     4.964816580E-09     1.417171665E-08     9.151299876E-01
     1.050000000E-05     4.966700343E-09     1.416982355E-08     9.151534185E-01
     1.052000000E-05     4.968553106E-09     1.416798875E-08     9.151766738E-01
     1.054000000E-05     4.970382933E-09     1.416615749E-08     9.151992621E-01
     1.056000000E-05     4.972173997E-09     1.416437965E-08     9.152214764E-01
     1.058000000E-05     4.973945425E-09     1.416262321E-08     9.152433020E-01
     1.060000000E-05     4.975683646E-09     1.416085712E-08     9.152650247E-01
     1.062000000E-05     4.977395395E-09     1.415915267E-08     9.152867509E-01
     1.064000000E-05     4.979076393E-09     1.415746642E-08     9.153076403E-01
     1.066000000E-05     4.980731418E-09     1.415584292E-08     9.153282380E-01
     1.068000000E-05     4.982356339E-09     1.415418745E-08     9.153485325E-01
     1.070000000E-05     4.983956798E-09     1.415257606E-08     9.153684929E-01
     1.072000000E-05     4.985526476E-09     1.415102980E-08     9.153878347E-01
     1.074000000E-05     4.987074053E-09     1.414947608E-08     9.154068625E-01
     1.076000000E-05     4.988591063E-09     1.414795637E-08     9.154259548E-01
     1.078000000E-05     4.990076999E-09     1.414646992E-08     9.154445988E-01
     1.080000000E-05     4.991538288E-09     1.414498519E-08     9.154629739E-01
     1.082000000E-05     4.992973658E-09     1.414358029E-08     9.154808329E-01
     1.084000000E-05     4.994382062E-09     1.414215563E-08     9.154987750E-01
     1.086000000E-05     4.995765101E-09     1.414076505E-08     9.155159275E-01
     1.088000000E-05     4.997121256E-09     1.413945529E-08     9.155324287E-01
     1.090000000E-05     4.998453309E-09     1.413806129E-08     9.155493829E-01
     1.092000000E-05     4.999754064E-09     1.413681651E-08     9.155659031E-01
     1.094000000E-05     5.001030668E-09     1.413550808E-08     9.155813646E-01
     1.096000000E-05     5.002284723E-09     1.413425207E-08     9.155973801E-01
     1.098000000E-05     5.003509389E-09     1.413303968E-08     9.156124581E-01
     1.100000000E-05     5.004708100E-09     1.413184611E-08     9.156273466E-01
     1.102000000E-05     5.005884688E-09     1.413065887E-08     9.156423329E-01
     1.104000000E-05     5.007030804E-09     1.412950282E-08     9.156563691E-01
     1.106000000E-05     5.008155557E-09     1.412837864E-08     9.156705339E-01
     1.108000000E-05     5.009256823E-09     1.412731205E-08     9.156844597E-01
     1.110000000E-05     5.010330015E-09     1.412624254E-08     9.156979984E-01
     1.112000000E-05     5.011380805E-09     1.412517237E-08     9.157111096E-01
     1.114000000E-05     5.012401323E-09     1.412412834E-08     9.157238604E-01
     1.116000000E-05     5.013408739E-09     1.412313497E-08     9.157365576E-01
     1.118000000E-05     5.014381533E-09     1.412213786E-08     9.157487815E-01
     1.120000000E-05     5.015331715E-09     1.412119229E-08     9.157604985E-01
     1.122000000E-05     5.016261742E-09     1.412026780E-08     9.157719855E-01
     1.124000000E-05     5.017164550E-09     1.411938074E-08     9.157834385E-01
     1.126000000E-05     5.018047272E-09     1.411850767E-08     9.157948158E-01
     1.128000000E-05     5.018904773E-09     1.411766431E-08     9.158054925E-01
     1.130000000E-05     5.019736417E-09     1.411682545E-08     9.158157884E-01
     1.132000000E-05     5.020547428E-09     1.411600433E-08     9.158260444E-01
     1.134000000E-05     5.021333985E-09     1.411520805E-08     9.158358684E-01
     1.136000000E-05     5.022097343E-09     1.411442137E-08     9.158454233E-01
     1.138000000E-05     5.022834843E-09     1.411369989E-08     9.158547515E-01
     1.140000000E-05     5.023557412E-09     1.411301954E-08     9.158637159E-01
     1.142000000E-05     5.024248812E-09     1.411230561E-08     9.158724662E-01
     1.144000000E-05     5.024919883E-09     1.411160053E-08     9.158811528E-01
     1.146000000E-05     5.025570712E-09     1.411099049E-08     9.158889000E-01
     1.148000000E-05     5.026198390E-09     1.411035501E-08     9.158967596E-01
     1.150000000E-05     5.026800673E-09     1.410972304E-08     9.159042381E-01
     1.152000000E-05     5.027386781E-09     1.410919400E-08     9.159117797E-01
     1.154000000E-05     5.027944540E-09     1.410859111E-08     9.159189423E-01
     1.156000000E-05     5.028485767E-09     1.410805207E-08     9.159253475E-01
     1.158000000E-05     5.029002507E-09     1.410754480E-08     9.159319380E-01
     1.160000000E-05     5.029495470E-09     1.410702888E-08     9.159382936E-01
     1.162000000E-05     5.029967975E-09     1.410657913E-08     9.159441461E-01
     1.164000000E-05     5.030425952E-09     1.410610750E-08     9.159498454E-01
     1.166000000E-05     5.030853805E-09     1.410568795E-08     9.159553795E-01
     1.168000000E-05     5.031265463E-09     1.410529462E-08     9.159605217E-01
     1.170000000E-05     5.031653391E-09     1.410487262E-08     9.159653942E-01
     1.172000000E-05     5.032022936E-09     1.410455144E-08     9.159701464E-01
     1.174000000E-05     5.032366414E-09     1.410415510E-08     9.159745113E-01
     1.176000000E-05     5.032695710E-09     1.410384574E-08     9.159784521E-01
     1.178000000E-05     5.032999744E-09     1.410357354E-08     9.159823993E-01
     1.180000000E-05     5.033285212E-09     1.410323036E-08     9.159856723E-01
     1.182000000E-05     5.033551488E-09     1.410297138E-08     9.159893165E-01
     1.184000000E-05     5.033793916E-09     1.410277460E-08     9.159925682E-01
     1.186000000E-05     5.034020425E-09     1.410255049E-08     9.159950469E-01
     1.188000000E-05     5.034223405E-09     1.410231062E-08     9.159975935E-01
     1.190000000E-05     5.034408071E-09     1.410210677E-08     9.160000908E-01
     1.192000000E-05     5.034571028E-09     1.410196005E-08     9.160024252E-01
     1.194000000E-05     5.034714945E-09     1.410183778E-08     9.160041900E-01
     1.196000000E-05     5.034840476E-09     1.410174189E-08     9.160053317E-01
     1.198000000E-05     5.034945777E-09     1.410163236E-08     9.160067849E-01
     1.200000000E-05     5.035033476E-09     1.410153453E-08     9.160079209E-01
     1.202000000E-05     5.035097469E-09     1.410144671E-08     9.160087873E-01
     1.204000000E-05     5.035148859E-09     1.410138836E-08     9.160094898E-01
     1.206000000E-05     5.035173800E-09     1.410135142E-08     9.160098878E-01
     1.208000000E-05     5.035183367E-09     1.410133661E-08     9.160099733E-01
     1.210000000E-05     5.035173491E-09     1.410135142E-08     9.160098878E-01
     1.212000000E-05     5.035148809E-09     1.410138859E-08     9.160096982E-01
     1.214000000E-05     5.035097817E-09     1.410144671E-08     9.160089136E-01
     1.216000000E-05     5.035033709E-09     1.410153096E-08     9.160080022E-01
     1.218000000E-05     5.034949483E-09     1.410162999E-08     9.160069013E-01
     1.220000000E-05     5.034846927E-09     1.410173184E-08     9.160057378E-01
     1.222000000E-05     5.034727084E-09     1.410182357E-08     9.160044513E-01
     1.224000000E-05     5.034590047E-09     1.410194825E-08     9.160027622E-01
     1.226000000E-05     5.034431140E-09     1.410207390E-08     9.160007646E-01
     1.228000000E-05     5.034256056E-09     1.410227159E-08     9.159984430E-01
     1.230000000E-05     5.034062217E-09     1.410249984E-08     9.159958059E-01
     1.232000000E-05     5.033852103E-09     1.410271693E-08     9.159936112E-01
     1.234000000E-05     5.033626373E-09     1.410291197E-08     9.159906940E-01
     1.236000000E-05     5.033378379E-09     1.410314563E-08     9.159875090E-01
     1.238000000E-05     5.033112560E-09     1.410344199E-08     9.159844150E-01
     1.240000000E-05     5.032832291E-09     1.410372083E-08     9.159807078E-01
     1.242000000E-05     5.032532709E-09     1.410397620E-08     9.159769652E-01
     1.244000000E-05     5.032220567E-09     1.410434372E-08     9.159731337E-01
     1.246000000E-05     5.031887720E-09     1.410466535E-08     9.159688327E-01
     1.248000000E-05     5.031538851E-09     1.410499984E-08     9.159643878E-01
     1.250000000E-05     5.031172332E-09     1.410539955E-08     9.159599761E-01
     1.252000000E-05     5.030789710E-09     1.410576070E-08     9.159551772E-01
     1.254000000E-05     5.030386672E-09     1.410614100E-08     9.159501284E-01
     1.256000000E-05     5.029968433E-09     1.410658069E-08     9.159450476E-01
     1.258000000E-05     5.029537135E-09     1.410699739E-08     9.159395951E-01
     1.260000000E-05     5.029089105E-09     1.410747413E-08     9.159337778E-01
     1.262000000E-05     5.028621270E-09     1.410790995E-08     9.159282367E-01
     1.264000000E-05     5.028140895E-09     1.410841970E-08     9.159220178E-01
     1.266000000E-05     5.027636737E-09     1.410889207E-08     9.159157878E-01
     1.268000000E-05     5.027125355E-09     1.410942110E-08     9.159094187E-01
     1.270000000E-05     5.026592395E-09     1.410995400E-08     9.159027094E-01
     1.272000000E-05     5.026045227E-09     1.411049431E-08     9.158958524E-01
     1.274000000E-05     5.025483696E-09     1.411109102E-08     9.158888043E-01
     1.276000000E-05     5.024902568E-09     1.411161562E-08     9.158815861E-01
     1.278000000E-05     5.024311289E-09     1.411224259E-08     9.158743137E-01
     1.280000000E-05     5.023698970E-09     1.411285719E-08     9.158662708E-01
     1.282000000E-05     5.023075110E-09     1.411345900E-08     9.158586059E-01
     1.284000000E-05     5.022433306E-09     1.411413283E-08     9.158506306E-01
     1.286000000E-05     5.021775885E-09     1.411477198E-08     9.158424893E-01
     1.288000000E-05     5.021107040E-09     1.411540760E-08     9.158342471E-01
     1.290000000E-05     5.020421913E-09     1.411612631E-08     9.158256932E-01
     1.292000000E-05     5.019717112E-09     1.411684830E-08     9.158169160E-01
     1.294000000E-05     5.018999277E-09     1.411756521E-08     9.158080645E-01
     1.296000000E-05     5.018269695E-09     1.411824740E-08     9.157987667E-01
     1.298000000E-05     5.017523161E-09     1.411902449E-08     9.157890918E-01
     1.300000000E-05     5.016759374E-09     1.411979226E-08     9.157797091E-01
     1.302000000E-05     5.015983533E-09     1.412060432E-08     9.157701668E-01
     1.304000000E-05     5.015192863E-09     1.412134751E-08     9.157603050E-01
     1.306000000E-05     5.014384823E-09     1.412213439E-08     9.157501279E-01
     1.308000000E-05     5.013568855E-09     1.412297966E-08     9.157400276E-01
     1.310000000E-05     5.012733736E-09     1.412380462E-08     9.157296417E-01
     1.312000000E-05     5.011885709E-09     1.412464565E-08     9.157189673E-01
     1.314000000E-05     5.011022415E-09     1.412550384E-08     9.157080937E-01
     1.316000000E-05     5.010142488E-09     1.412641341E-08     9.156970498E-01
     1.318000000E-05     5.009254517E-09     1.412732771E-08     9.156858308E-01
     1.320000000E-05     5.008345127E-09     1.412822897E-08     9.156747305E-01
     1.322000000E-05     5.007425626E-09     1.412914173E-08     9.156633970E-01
     1.324000000E-05     5.006493908E-09     1.413007686E-08     9.156518780E-01
     1.326000000E-05     5.005545002E-09     1.413102388E-08     9.156400041E-01
     1.328000000E-05     5.004586942E-09     1.413198074E-08     9.156276518E-01
     1.330000000E-05     5.003618000E-09     1.413295863E-08     9.156157014E-01
     1.332000000E-05     5.002624286E-09     1.413394136E-08     9.156033313E-01
     1.334000000E-05     5.001627447E-09     1.413492273E-08     9.155907298E-01
     1.336000000E-05     5.000611931E-09     1.413592560E-08     9.155782141E-01
     1.338000000E-05     4.999582560E-09     1.413693173E-08     9.155657276E-01
     1.340000000E-05     4.998541978E-09     1.413797760E-08     9.155521465E-01
     1.342000000E-05     4.997489030E-09     1.413902226E-08     9.155394039E-01
     1.344000000E-05     4.996420508E-09     1.414010830E-08     9.155263058E-01
     1.346000000E-05     4.995340846E-09     1.414120792E-08     9.155123184E-01
     1.348000000E-05     4.994246414E-09     1.414232426E-08     9.154990162E-01
     1.350000000E-05     4.993138604E-09     1.414342930E-08     9.154851962E-01
     1.352000000E-05     4.992021976E-09     1.414452911E-08     9.154710705E-01
     1.354000000E-05     4.990886962E-09     1.414564708E-08     9.154569148E-01
     1.356000000E-05     4.989744326E-09     1.414678781E-08     9.154426575E-01
     1.358000000E-05     4.988585764E-09     1.414795174E-08     9.154283043E-01
     1.360000000E-05     4.987417488E-09     1.414914616E-08     9.154136996E-01
     1.362000000E-05     4.986235329E-09     1.415031304E-08     9.153993162E-01
     1.364000000E-05     4.985036532E-09     1.415149344E-08     9.153839850E-01
     1.366000000E-05     4.983834771E-09     1.415271126E-08     9.153695518E-01
     1.368000000E-05     4.982616573E-09     1.415395641E-08     9.153538880E-01
     1.370000000E-05     4.981379644E-09     1.415516768E-08     9.153387232E-01
     1.372000000E-05     4.980136913E-09     1.415641877E-08     9.153233420E-01
     1.374000000E-05     4.978881225E-09     1.415765936E-08     9.153077157E-01
     1.376000000E-05     4.977612775E-09     1.415893152E-08     9.152915089E-01
     1.378000000E-05     4.976332890E-09     1.416022344E-08     9.152758949E-01
     1.380000000E-05     4.975040324E-09     1.416150428E-08     9.152597312E-01
     1.382000000E-05     4.973738207E-09     1.416279776E-08     9.152434264E-01
     1.384000000E-05     4.972423647E-09     1.416412405E-08     9.152273279E-01
     1.386000000E-05     4.971096997E-09     1.416549196E-08     9.152106777E-01
     1.388000000E-05     4.969754642E-09     1.416676349E-08     9.151940677E-01
     1.390000000E-05     4.968404558E-09     1.416813367E-08     9.151776422E-01
     1.392000000E-05     4.967045125E-09     1.416950025E-08     9.151603086E-01
     1.394000000E-05     4.965669593E-09     1.417086675E-08     9.151434754E-01
     1.396000000E-05     4.964288581E-09     1.417227387E-08     9.151259742E-01
     1.398000000E-05     4.962891724E-09     1.417364392E-08     9.151090453E-01
     1.400000000E-05     4.961483738E-09     1.417508191E-08     9.150916920E-01
     1.402000000E-05     4.960066593E-09     1.417646330E-08     9.150737958E-01
     1.404000000E-05     4.958636499E-09     1.417793323E-08     9.150557974E-01
     1.406000000E-05     4.957195797E-09     1.417932160E-08     9.150382054E-01
     1.408000000E-05     4.955745321E-09     1.418082930E-08     9.150204241E-01
     1.410000000E-05     4.954281999E-09     1.418224622E-08     9.150022657E-01
     1.412000000E-05     4.952812796E-09     1.418375049E-08     9.149838173E-01
     1.414000000E-05     4.951326265E-09     1.418521241E-08     9.149652889E-01
     1.416000000E-05     4.949829677E-09     1.418672352E-08     9.149469508E-01
     1.418000000E-05     4.948322634E-09     1.418821318E-08     9.149285178E-01
     1.420000000E-05     4.946810710E-09     1.418972233E-08     9.149097148E-01
     1.422000000E-05     4.945281288E-09     1.419126318E-08     9.148908663E-01
     1.424000000E-05     4.943740522E-09     1.419279878E-08     9.148718230E-01
     1.426000000E-05     4.942198486E-09     1.419435308E-08     9.148525222E-01
     1.428000000E-05     4.940635579E-09     1.419590889E-08     9.148330144E-01
     1.430000000E-05     4.939068951E-09     1.419748455E-08     9.148135575E-01
     1.432000000E-05     4.937492466E-09     1.419906791E-08     9.147941216E-01
     1.434000000E-05     4.935903465E-09     1.420064147E-08     9.147745337E-01
     1.436000000E-05     4.934301453E-09     1.420224342E-08     9.147549290E-01
     1.438000000E-05     4.932692215E-09     1.420386007E-08     9.147350490E-01
     1.440000000E-05     4.931071855E-09     1.420545999E-08     9.147146755E-01
     1.442000000E-05     4.929443224E-09     1.420710306E-08     9.146945525E-01
     1.444000000E-05     4.927805104E-09     1.420876029E-08     9.146745527E-01
     1.446000000E-05     4.926154954E-09     1.421040094E-08     9.146540403E-01
     1.448000000E-05     4.924494977E-09     1.421202348E-08     9.146334633E-01
     1.450000000E-05     4.922825079E-09     1.421370654E-08     9.146127427E-01
     1.452000000E-05     4.921146848E-09     1.421540071E-08     9.145924632E-01
     1.454000000E-05     4.919460768E-09     1.421709128E-08     9.145715057E-01
     1.456000000E-05     4.917762808E-09     1.421878263E-08     9.145507214E-01
     1.458000000E-05     4.916054584E-09     1.422048849E-08     9.145294798E-01
     1.460000000E-05     4.914337704E-09     1.422221381E-08     9.145084701E-01
     1.462000000E-05     4.912612654E-09     1.422393729E-08     9.144869015E-01
     1.464000000E-05     4.910874095E-09     1.422568524E-08     9.144655786E-01
     1.466000000E-05     4.909128084E-09     1.422742982E-08     9.144441057E-01
     1.468000000E-05     4.907373598E-09     1.422915500E-08     9.144224923E-01
     1.470000000E-05     4.905607572E-09     1.423094242E-08     9.144008172E-01
     1.472000000E-05     4.903837632E-09     1.423269874E-08     9.143789261E-01
     1.474000000E-05     4.902057180E-09     1.423449203E-08     9.143570774E-01
     1.476000000E-05     4.900264909E-09     1.423624391E-08     9.143352077E-01
     1.478000000E-05     4.898461097E-09     1.423808556E-08     9.143126741E-01
     1.480000000E-05     4.896654462E-09     1.423992532E-08     9.142903910E-01
     1.482000000E-05     4.894834953E-09     1.424173457E-08     9.142685409E-01
     1.484000000E-05     4.893005024E-09     1.424353795E-08     9.142459970E-01
     1.486000000E-05     4.891172313E-09     1.424537240E-08     9.142233200E-01
     1.488000000E-05     4.889328506E-09     1.424721069E-08     9.142008356E-01
     1.490000000E-05     4.887475328E-09     1.424907395E-08     9.141777305E-01
     1.492000000E-05     4.885611591E-09     1.425094072E-08     9.141551346E-01
     1.494000000E-05     4.883740243E-09     1.425281874E-08     9.141318161E-01
     1.496000000E-05     4.881859565E-09     1.425470250E-08     9.141088474E-01
     1.498000000E-05     4.879972347E-09     1.425658231E-08     9.140857247E-01
     1.500000000E-05     4.878073050E-09     1.425847020E-08     9.140624771E-01
     1.502000000E-05     4.876171398E-09     1.426037390E-08     9.140393659E-01
     1.504000000E-05     4.874260591E-09     1.426229074E-08     9.140156294E-01
     1.506000000E-05     4.872334500E-09     1.426419262E-08     9.139918778E-01
     1.508000000E-05     4.870406216E-09     1.426615841E-08     9.139684095E-01
     1.510000000E-05     4.868468146E-09     1.426808564E-08     9.139446511E-01
     1.512000000E-05     4.866522301E-09     1.427002810E-08     9.139207615E-01
     1.514000000E-05     4.864564934E-09     1.427196554E-08     9.138969919E-01
     1.516000000E-05     4.862605238E-09     1.427392499E-08     9.138728430E-01
     1.518000000E-05     4.860632070E-09     1.427590262E-08     9.138488837E-01
     1.520000000E-05     4.858653924E-09     1.427787992E-08     9.138246424E-01
     1.522000000E-05     4.856666354E-09     1.427989190E-08     9.137999403E-01
     1.524000000E-05     4.854671403E-09     1.428189268E-08     9.137759087E-01
     1.526000000E-05     4.852664843E-09     1.428387027E-08     9.137512423E-01
     1.528000000E-05     4.850658704E-09     1.428588952E-08     9.137269521E-01
     1.530000000E-05     4.848639408E-09     1.428790329E-08     9.137023559E-01
     1.532000000E-05     4.846616003E-09     1.428995056E-08     9.136773730E-01
     1.534000000E-05     4.844583668E-09     1.429194250E-08     9.136526837E-01
     1.536000000E-05     4.842540186E-09     1.429402946E-08     9.136275344E-01
     1.538000000E-05     4.840492321E-09     1.429605818E-08     9.136024084E-01
     1.540000000E-05     4.838429366E-09     1.429809472E-08     9.135777581E-01
     1.542000000E-05     4.836371010E-09     1.430019184E-08     9.135524300E-01
     1.544000000E-05     4.834300067E-09     1.430224323E-08     9.135273309E-01
     1.546000000E-05     4.832219894E-09     1.430432549E-08     9.135017673E-01
     1.548000000E-05     4.830134434E-09     1.430640598E-08     9.134764601E-01
     1.550000000E-05     4.828039728E-09     1.430850696E-08     9.134508556E-01
     1.552000000E-05     4.825937377E-09     1.431061139E-08     9.134253754E-01
     1.554000000E-05     4.823827768E-09     1.431271334E-08     9.133995785E-01
     1.556000000E-05     4.821713083E-09     1.431480910E-08     9.133738679E-01
     1.558000000E-05     4.819592173E-09     1.431696201E-08     9.133479240E-01
     1.560000000E-05     4.817462657E-09     1.431908186E-08     9.133224868E-01
     1.562000000E-05     4.815328351E-09     1.432124510E-08     9.132963567E-01
     1.564000000E-05     4.813182248E-09     1.432334759E-08     9.132699130E-01
     1.566000000E-05     4.811031177E-09     1.432550183E-08     9.132439172E-01
     1.568000000E-05     4.808875250E-09     1.432767400E-08     9.132178110E-01
     1.570000000E-05     4.806710513E-09     1.432984524E-08     9.131916387E-01
     1.572000000E-05     4.804536197E-09     1.433200559E-08     9.131651873E-01
     1.574000000E-05     4.802361967E-09     1.433417468E-08     9.131387011E-01
     1.576000000E-05     4.800176406E-09     1.433639137E-08     9.131122810E-01
     1.578000000E-05     4.797981377E-09     1.433855870E-08     9.130855810E-01
     1.580000000E-05     4.795785734E-09     1.434074583E-08     9.130587883E-01
     1.582000000E-05     4.793575109E-09     1.434298188E-08     9.130324087E-01
     1.584000000E-05     4.791370007E-09     1.434519817E-08     9.130054467E-01
     1.586000000E-05     4.789148252E-09     1.434737172E-08     9.129781148E-01
     1.588000000E-05     4.786921944E-09     1.434964023E-08     9.129518167E-01
     1.590000000E-05     4.784691926E-09     1.435185729E-08     9.129244247E-01
     1.592000000E-05     4.782452163E-09     1.435407018E-08     9.128976070E-01
     1.594000000E-05     4.780207312E-09     1.435634755E-08     9.128703789E-01
     1.596000000E-05     4.777958064E-09     1.435858063E-08     9.128431712E-01
     1.598000000E-05     4.775698505E-09     1.436084699E-08     9.128157119E-01
     1.600000000E-05     4.773436340E-09     1.436312538E-08     9.127883803E-01
     1.602000000E-05     4.771167860E-09     1.436535564E-08     9.127608463E-01
     1.604000000E-05     4.768889534E-09     1.436765207E-08     9.127332229E-01
     1.606000000E-05     4.766607974E-09     1.436993958E-08     9.127056625E-01
     1.608000000E-05     4.764320806E-09     1.437224544E-08     9.126782280E-01
     1.610000000E-05     4.762024885E-09     1.437453415E-08     9.126506747E-01
     1.612000000E-05     4.759727235E-09     1.437679198E-08     9.126229720E-01
     1.614000000E-05     4.757419787E-09     1.437914201E-08     9.125950442E-01
     1.616000000E-05     4.755105142E-09     1.438144941E-08     9.125670674E-01
     1.618000000E-05     4.752788829E-09     1.438373783E-08     9.125392356E-01
     1.620000000E-05     4.750461822E-09     1.438605941E-08     9.125114671E-01
     1.622000000E-05     4.748129200E-09     1.438841186E-08     9.124831794E-01
     1.624000000E-05     4.745798315E-09     1.439073489E-08     9.124550189E-01
     1.626000000E-05     4.743452445E-09     1.439310259E-08     9.124269565E-01
     1.628000000E-05     4.741107025E-09     1.439543752E-08     9.123983999E-01
     1.630000000E-05     4.738755715E-09     1.439779275E-08     9.123703603E-01
     1.632000000E-05     4.736393423E-09     1.440015208E-08     9.123418506E-01
     1.634000000E-05     4.734028391E-09     1.440252057E-08     9.123131933E-01
     1.636000000E-05     4.731657043E-09     1.440487353E-08     9.122847165E-01
     1.638000000E-05     4.729279896E-09     1.440727338E-08     9.122566994E-01
     1.640000000E-05     4.726900634E-09     1.440964669E-08     9.122279869E-01
     1.642000000E-05     4.724510948E-09     1.441202597E-08     9.121992929E-01
     1.644000000E-05     4.722118179E-09     1.441444761E-08     9.121704822E-01
     1.646000000E-05     4.719720704E-09     1.441681924E-08     9.121414336E-01
     1.648000000E-05     4.717316979E-09     1.441922481E-08     9.121127425E-01
     1.650000000E-05     4.714906061E-09     1.442162880E-08     9.120838033E-01
     1.652000000E-05     4.712495016E-09     1.442405587E-08     9.120549286E-01
     1.654000000E-05     4.710074141E-09     1.442646761E-08     9.120256719E-01
     1.656000000E-05     4.707648883E-09     1.442889690E-08     9.119965733E-01
     1.658000000E-05     4.705220030E-09     1.443131164E-08     9.119675839E-01
     1.660000000E-05     4.702782606E-09     1.443374732E-08     9.119384672E-01
     1.662000000E-05     4.700341912E-09     1.443618428E-08     9.119094607E-01
     1.664000000E-05     4.697897030E-09     1.443865338E-08     9.118797941E-01
     1.666000000E-05     4.695443746E-09     1.444109404E-08     9.118507602E-01
     1.668000000E-05     4.692989160E-09     1.444354804E-08     9.118214313E-01
     1.670000000E-05     4.690526568E-09     1.444601606E-08     9.117919105E-01
     1.672000000E-05     4.688061089E-09     1.444846498E-08     9.117623385E-01
     1.674000000E-05     4.685593589E-09     1.445097507E-08     9.117328531E-01
     1.676000000E-05     4.683115204E-09     1.445343218E-08     9.117032814E-01
     1.678000000E-05     4.680636401E-09     1.445591286E-08     9.116736897E-01
     1.680000000E-05     4.678150196E-09     1.445839930E-08     9.116441543E-01
     1.682000000E-05     4.675655190E-09     1.446086938E-08     9.116145047E-01
     1.684000000E-05     4.673161674E-09     1.446340163E-08     9.115848574E-01
     1.686000000E-05     4.670662695E-09     1.446588281E-08     9.115548335E-01
     1.688000000E-05     4.668157920E-09     1.446837314E-08     9.115250832E-01
     1.690000000E-05     4.665648810E-09     1.447092184E-08     9.114953580E-01
     1.692000000E-05     4.663133869E-09     1.447339230E-08     9.114654690E-01
     1.694000000E-05     4.660615724E-09     1.447593745E-08     9.114353276E-01
     1.696000000E-05     4.658091459E-09     1.447848101E-08     9.114049834E-01
     1.698000000E-05     4.655565865E-09     1.448098157E-08     9.113750526E-01
     1.700000000E-05     4.653029993E-09     1.448351244E-08     9.113453213E-01
     1.702000000E-05     4.650492538E-09     1.448606267E-08     9.113152174E-01
     1.704000000E-05     4.647949113E-09     1.448859296E-08     9.112848068E-01
     1.706000000E-05     4.645404549E-09     1.449114530E-08     9.112546622E-01
     1.708000000E-05     4.642853758E-09     1.449369676E-08     9.112243252E-01
     1.710000000E-05     4.640298993E-09     1.449627135E-08     9.111941978E-01
     1.712000000E-05     4.637742940E-09     1.449880704E-08     9.111635864E-01
     1.714000000E-05     4.635171841E-09     1.450134466E-08     9.111332517E-01
     1.716000000E-05     4.632609012E-09     1.450396238E-08     9.111027357E-01
     1.718000000E-05     4.630032369E-09     1.450650698E-08     9.110719895E-01
     1.720000000E-05     4.627457359E-09     1.450908767E-08     9.110415275E-01
     1.722000000E-05     4.624876279E-09     1.451166961E-08     9.110111321E-01
     1.724000000E-05     4.622293125E-09     1.451423104E-08     9.109802362E-01
     1.726000000E-05     4.619700513E-09     1.451683399E-08     9.109495313E-01
     1.728000000E-05     4.617108310E-09     1.451946727E-08     9.109193252E-01
     1.730000000E-05     4.614511136E-09     1.452206034E-08     9.108886691E-01
     1.732000000E-05     4.611912147E-09     1.452460177E-08     9.108577773E-01
     1.734000000E-05     4.609304053E-09     1.452722770E-08     9.108269993E-01
     1.736000000E-05     4.606693904E-09     1.452983565E-08     9.107963203E-01
     1.738000000E-05     4.604078636E-09     1.453249786E-08     9.107651448E-01
     1.740000000E-05     4.601463515E-09     1.453507272E-08     9.107342216E-01
     1.742000000E-05     4.598842262E-09     1.453766771E-08     9.107033856E-01
     1.744000000E-05     4.596216445E-09     1.454030107E-08     9.106722445E-01
     1.746000000E-05     4.593589433E-09     1.454297339E-08     9.106416129E-01
     1.748000000E-05     4.590953892E-09     1.454560443E-08     9.106104422E-01
     1.750000000E-05     4.588317214E-09     1.454821695E-08     9.105793876E-01
     1.752000000E-05     4.585677585E-09     1.455085407E-08     9.105484020E-01
     1.754000000E-05     4.583032944E-09     1.455350738E-08     9.105170701E-01
     1.756000000E-05     4.580383872E-09     1.455616982E-08     9.104858807E-01
     1.758000000E-05     4.577730415E-09     1.455879699E-08     9.104546459E-01
     1.760000000E-05     4.575077947E-09     1.456148321E-08     9.104236386E-01
     1.762000000E-05     4.572417282E-09     1.456412138E-08     9.103921576E-01
     1.764000000E-05     4.569754901E-09     1.456681411E-08     9.103605494E-01
     1.766000000E-05     4.567090003E-09     1.456943606E-08     9.103295989E-01
     1.768000000E-05     4.564417417E-09     1.457210291E-08     9.102981047E-01
     1.770000000E-05     4.561744301E-09     1.457479150E-08     9.102665975E-01
     1.772000000E-05     4.559066575E-09     1.457752238E-08     9.102355489E-01
     1.774000000E-05     4.556385587E-09     1.458015494E-08     9.102042085E-01
     1.776000000E-05     4.553704796E-09     1.458283460E-08     9.101725637E-01
     1.778000000E-05     4.551016493E-09     1.458551223E-08     9.101409936E-01
     1.780000000E-05     4.548327835E-09     1.458822891E-08     9.101094242E-01
     1.782000000E-05     4.545632932E-09     1.459092149E-08     9.100779689E-01
     1.784000000E-05     4.542933632E-09     1.459360155E-08     9.100462032E-01
     1.786000000E-05     4.540233364E-09     1.459629868E-08     9.100147880E-01
     1.788000000E-05     4.537528698E-09     1.459900137E-08     9.099833879E-01
     1.790000000E-05     4.534820545E-09     1.460174272E-08     9.099513587E-01
     1.792000000E-05     4.532110467E-09     1.460445887E-08     9.099198469E-01
     1.794000000E-05     4.529398770E-09     1.460715184E-08     9.098879238E-01
     1.796000000E-05     4.526679367E-09     1.460986188E-08     9.098558923E-01
     1.798000000E-05     4.523964538E-09     1.461257111E-08     9.098244794E-01
     1.800000000E-05     4.521237989E-09     1.461527033E-08     9.097927179E-01
     1.802000000E-05     4.518509772E-09     1.461802036E-08     9.097607959E-01
     1.804000000E-05     4.515782155E-09     1.462076066E-08     9.097291603E-01
     1.806000000E-05     4.513048138E-09     1.462349430E-08     9.096974840E-01
     1.808000000E-05     4.510312773E-09     1.462623359E-08     9.096650603E-01
     1.810000000E-05     4.507571670E-09     1.462898101E-08     9.096333857E-01
     1.812000000E-05     4.504833963E-09     1.463170111E-08     9.096013638E-01
     1.814000000E-05     4.502089330E-09     1.463445760E-08     9.095691772E-01
     1.816000000E-05     4.499343612E-09     1.463720321E-08     9.095372727E-01
     1.818000000E-05     4.496590496E-09     1.463996389E-08     9.095053712E-01
     1.820000000E-05     4.493839904E-09     1.464271026E-08     9.094734647E-01
     1.822000000E-05     4.491083722E-09     1.464547838E-08     9.094412451E-01
     1.824000000E-05     4.488327100E-09     1.464825785E-08     9.094091417E-01
     1.826000000E-05     4.485559929E-09     1.465099965E-08     9.093771189E-01
     1.828000000E-05     4.482794600E-09     1.465374397E-08     9.093451776E-01
     1.830000000E-05     4.480028801E-09     1.465650132E-08     9.093131733E-01
     1.832000000E-05     4.477262084E-09     1.465928803E-08     9.092805621E-01
     1.834000000E-05     4.474490059E-09     1.466206703E-08     9.092486941E-01
     1.836000000E-05     4.471712836E-09     1.466485092E-08     9.092163484E-01
     1.838000000E-05     4.468932714E-09     1.466763668E-08     9.091844916E-01
     1.840000000E-05     4.466149682E-09     1.467039688E-08     9.091521307E-01
     1.842000000E-05     4.463368924E-09     1.467318330E-08     9.091196367E-01
     1.844000000E-05     4.460584274E-09     1.467597904E-08     9.090875160E-01
     1.846000000E-05     4.457796024E-09     1.467876459E-08     9.090554019E-01
     1.848000000E-05     4.455003884E-09     1.468158121E-08     9.090230951E-01
     1.850000000E-05     4.452209673E-09     1.468438333E-08     9.089906511E-01
     1.852000000E-05     4.449413703E-09     1.468716472E-08     9.089584363E-01
     1.854000000E-05     4.446613718E-09     1.468995226E-08     9.089256432E-01
     1.856000000E-05     4.443813064E-09     1.469273441E-08     9.088936291E-01
     1.858000000E-05     4.441012216E-09     1.469553445E-08     9.088614259E-01
     1.860000000E-05     4.438202278E-09     1.469834961E-08     9.088288400E-01
     1.862000000E-05     4.435397046E-09     1.470115182E-08     9.087963633E-01
     1.864000000E-05     4.432587731E-09     1.470396811E-08     9.087640153E-01
     1.866000000E-05     4.429771996E-09     1.470676205E-08     9.087316845E-01
     1.868000000E-05     4.426957740E-09     1.470958316E-08     9.086990623E-01
     1.870000000E-05     4.424140475E-09     1.471240345E-08     9.086669334E-01
     1.872000000E-05     4.421319917E-09     1.471521190E-08     9.086340186E-01
     1.874000000E-05     4.418494265E-09     1.471805960E-08     9.086019578E-01
     1.876000000E-05     4.415670729E-09     1.472085830E-08     9.085689659E-01
     1.878000000E-05     4.412844913E-09     1.472370284E-08     9.085367135E-01
     1.880000000E-05     4.410013473E-09     1.472651985E-08     9.085041447E-01
     1.882000000E-05     4.407183898E-09     1.472933760E-08     9.084714756E-01
     1.884000000E-05     4.404350793E-09     1.473217596E-08     9.084392349E-01
     1.886000000E-05     4.401516196E-09     1.473503798E-08     9.084068429E-01
     1.888000000E-05     4.398678358E-09     1.473786593E-08     9.083738776E-01
     1.890000000E-05     4.395841575E-09     1.474070913E-08     9.083412078E-01
     1.892000000E-05     4.392996656E-09     1.474357041E-08     9.083089977E-01
     1.894000000E-05     4.390154006E-09     1.474642609E-08     9.082759754E-01
     1.896000000E-05     4.387309513E-09     1.474927214E-08     9.082436449E-01
     1.898000000E-05     4.384460195E-09     1.475210126E-08     9.082106700E-01
     1.900000000E-05     4.381609718E-09     1.475493500E-08     9.081783052E-01
     1.902000000E-05     4.378759768E-09     1.475778740E-08     9.081453864E-01
     1.904000000E-05     4.375908316E-09     1.476066333E-08     9.081131949E-01
     1.906000000E-05     4.373050454E-09     1.476350462E-08     9.080804687E-01
     1.908000000E-05     4.370191361E-09     1.476635005E-08     9.080475520E-01
     1.910000000E-05     4.367332637E-09     1.476919945E-08     9.080145974E-01
     1.912000000E-05     4.364471466E-09     1.477208866E-08     9.079824436E-01
     1.914000000E-05     4.361610683E-09     1.477494796E-08     9.079494808E-01
     1.916000000E-05     4.358745938E-09     1.477780532E-08     9.079170033E-01
     1.918000000E-05     4.355875747E-09     1.478067924E-08     9.078841793E-01
     1.920000000E-05     4.353006178E-09     1.478355394E-08     9.078512915E-01
     1.922000000E-05     4.350136588E-09     1.478638498E-08     9.078184790E-01
     1.924000000E-05     4.347266906E-09     1.478926595E-08     9.077856485E-01
     1.926000000E-05     4.344396414E-09     1.479213838E-08     9.077529369E-01
     1.928000000E-05     4.341519958E-09     1.479503137E-08     9.077205902E-01
     1.930000000E-05     4.338643430E-09     1.479790580E-08     9.076874747E-01
     1.932000000E-05     4.335764972E-09     1.480077940E-08     9.076548020E-01
     1.934000000E-05     4.332885350E-09     1.480368503E-08     9.076219856E-01
     1.936000000E-05     4.330003888E-09     1.480657989E-08     9.075892730E-01
     1.938000000E-05     4.327116211E-09     1.480943281E-08     9.075564893E-01
     1.940000000E-05     4.324231127E-09     1.481229851E-08     9.075238283E-01
     1.942000000E-05     4.321343789E-09     1.481519587E-08     9.074908067E-01
     1.944000000E-05     4.318456667E-09     1.481806661E-08     9.074581085E-01
     1.946000000E-05     4.315568548E-09     1.482098207E-08     9.074251935E-01
     1.948000000E-05     4.312679091E-09     1.482387919E-08     9.073923238E-01
     1.950000000E-05     4.309783553E-09     1.482675452E-08     9.073594945E-01
     1.952000000E-05     4.306891037E-09     1.482964918E-08     9.073263975E-01
     1.954000000E-05     4.303992347E-09     1.483254532E-08     9.072940024E-01
     1.956000000E-05     4.301097467E-09     1.483545224E-08     9.072611642E-01
     1.958000000E-05     4.298199927E-09     1.483835153E-08     9.072282048E-01
     1.960000000E-05     4.295300513E-09     1.484123919E-08     9.071954279E-01
     1.962000000E-05     4.292397281E-09     1.484414818E-08     9.071628070E-01
     1.964000000E-05     4.289494149E-09     1.484704358E-08     9.071297325E-01
     1.966000000E-05     4.286593566E-09     1.484995020E-08     9.070971247E-01
     1.968000000E-05     4.283684648E-09     1.485284008E-08     9.070640403E-01
     1.970000000E-05     4.280777401E-09     1.485573687E-08     9.070311713E-01
     1.972000000E-05     4.277869873E-09     1.485867509E-08     9.069986354E-01
     1.974000000E-05     4.274962506E-09     1.486157763E-08     9.069653639E-01
     1.976000000E-05     4.272052861E-09     1.486450008E-08     9.069326151E-01
     1.978000000E-05     4.269140978E-09     1.486741353E-08     9.068998090E-01
     1.980000000E-05     4.266225860E-09     1.487032878E-08     9.068670176E-01
     1.982000000E-05     4.263313244E-09     1.487323107E-08     9.068341662E-01
     1.984000000E-05     4.260399491E-09     1.487613066E-08     9.068011539E-01
     1.986000000E-05     4.257483819E-09     1.487903879E-08     9.067684759E-01
     1.988000000E-05     4.254565835E-09     1.488196558E-08     9.067356440E-01
     1.990000000E-05     4.251646823E-09     1.488491031E-08     9.067028280E-01
     1.992000000E-05     4.248725306E-09     1.488783291E-08     9.066698440E-01
     1.994000000E-05     4.245807133E-09     1.489075286E-08     9.066373077E-01
     1.996000000E-05     4.242883062E-09     1.489367306E-08     9.066043198E-01
     1.998000000E-05     4.239959901E-09     1.489660337E-08     9.065712031E-01
     2.000000000E-05     4.237036158E-09     1.489951211E-08     9.065384274E-01
     2.100000000E-05     4.089864139E-09     1.504666872E-08     9.049019900E-01
     2.200000000E-05     3.941996722E-09     1.519456537E-08     9.032895479E-01
     2.300000000E-05     3.794960606E-09     1.534158515E-08     9.017170982E-01
     2.400000000E-05     3.649976318E-09     1.548659906E-08     9.001959834E-01
     2.500000000E-05     3.507995070E-09     1.562855728E-08     8.987338168E-01
     2.600000000E-05     3.369744215E-09     1.576680870E-08     8.973355865E-01
     2.700000000E-05     3.235769256E-09     1.590078768E-08     8.960037810E-01
     2.800000000E-05     3.106450335E-09     1.603007588E-08     8.947395679E-01
     2.900000000E-05     2.982050247E-09     1.615448681E-08     8.935422231E-01
     3.000000000E-05     2.862722310E-09     1.627380782E-08     8.924113863E-01
     3.100000000E-05     2.748538454E-09     1.638800193E-08     8.913444306E-01
     3.200000000E-05     2.639486838E-09     1.649705592E-08     8.903396333E-01
     3.300000000E-05     2.535520364E-09     1.660102955E-08     8.893936770E-01
     3.400000000E-05     2.436537210E-09     1.669999642E-08     8.885040165E-01
     3.500000000E-05     2.342416063E-09     1.679414171E-08     8.876678840E-01
     3.600000000E-05     2.252999935E-09     1.688352595E-08     8.868824526E-01
     3.700000000E-05     2.168121360E-09     1.696845869E-08     8.861443166E-01
     3.800000000E-05     2.087604060E-09     1.704893689E-08     8.854509266E-01
     3.900000000E-05     2.011255145E-09     1.712527313E-08     8.847999686E-01
     4.000000000E-05     1.938891177E-09     1.719763790E-08     8.841875601E-01
     4.100000000E-05     1.870322675E-09     1.726622215E-08     8.836125814E-01
     4.200000000E-05     1.805361573E-09     1.733117891E-08     8.830715370E-01
     4.300000000E-05     1.743826652E-09     1.739273432E-08     8.825630732E-01
     4.400000000E-05     1.685535135E-09     1.745103803E-08     8.820847085E-01
     4.500000000E-05     1.630318696E-09     1.750619807E-08     8.816346726E-01
     4.600000000E-05     1.578011652E-09     1.755851374E-08     8.812109399E-01
     4.700000000E-05     1.528455208E-09     1.760809461E-08     8.808114297E-01
     4.800000000E-05     1.481503034E-09     1.765507093E-08     8.804351838E-01
     4.900000000E-05     1.437003219E-09     1.769954308E-08     8.800810285E-01
     5.000000000E-05     1.394826049E-09     1.774172319E-08     8.797460728E-01
     5.100000000E-05     1.354837390E-09     1.778169891E-08     8.794303495E-01
     5.200000000E-05     1.316918729E-09     1.781961839E-08     8.791326442E-01
     5.300000000E-05     1.280951394E-09     1.785559795E-08     8.788512410E-01
     5.400000000E-05     1.246835973E-09     1.788971192E-08     8.785850933E-01
     5.500000000E-05     1.214456960E-09     1.792208092E-08     8.783338104E-01
     5.600000000E-05     1.183728153E-09     1.795283842E-08     8.780958629E-01
     5.700000000E-05     1.154552194E-09     1.798199377E-08     8.778707230E-01
     5.800000000E-05     1.126848974E-09     1.800970713E-08     8.776577308E-01
     5.900000000E-05     1.100538158E-09     1.803602366E-08     8.774561600E-01
     6.000000000E-05     1.075539807E-09     1.806100089E-08     8.772646953E-01
     6.100000000E-05     1.051790714E-09     1.808477889E-08     8.770839027E-01
     6.200000000E-05     1.029221784E-09     1.810735278E-08     8.769120447E-01
     6.300000000E-05     1.007766864E-09     1.812878832E-08     8.767495864E-01
     6.400000000E-05     9.873720558E-10     1.814914136E-08     8.765947894E-01
     6.500000000E-05     9.679822491E-10     1.816858428E-08     8.764485137E-01
     6.600000000E-05     9.495433001E-10     1.818700314E-08     8.763097792E-01
     6.700000000E-05     9.320116975E-10     1.820453784E-08     8.761779131E-01
     6.800000000E-05     9.153364919E-10     1.822118500E-08     8.760527337E-01
     6.900000000E-05     8.994793269E-10     1.823705786E-08     8.759335783E-01
     7.000000000E-05     8.843980621E-10     1.825216168E-08     8.758206714E-01
     7.100000000E-05     8.700555861E-10     1.826647622E-08     8.757141095E-01
     7.200000000E-05     8.564169437E-10     1.828012296E-08     8.756123250E-01
     7.300000000E-05     8.434494706E-10     1.829310737E-08     8.755159096E-01
     7.400000000E-05     8.311212778E-10     1.830540817E-08     8.754240056E-01
     7.500000000E-05     8.194027796E-10     1.831716233E-08     8.753370802E-01
     7.600000000E-05     8.082675451E-10     1.832824966E-08     8.752545364E-01
     7.700000000E-05     7.976886748E-10     1.833887036E-08     8.751759028E-01
     7.800000000E-05     7.876421057E-10     1.834894787E-08     8.751015806E-01
     7.900000000E-05     7.781053093E-10     1.835842400E-08     8.750312453E-01
     8.000000000E-05     7.690556794E-10     1.836747929E-08     8.749646349E-01
     8.100000000E-05     7.604735547E-10     1.837611259E-08     8.749011893E-01
     8.200000000E-05     7.523399468E-10     1.838420960E-08     8.748411902E-01
     8.300000000E-05     7.446365041E-10     1.839193795E-08     8.747845402E-01
     8.400000000E-05     7.373459875E-10     1.839920134E-08     8.747309455E-01
     8.500000000E-05     7.304535204E-10     1.840611852E-08     8.746801188E-01
     8.600000000E-05     7.239419778E-10     1.841261307E-08     8.746320570E-01
     8.700000000E-05     7.177992148E-10     1.841873312E-08     8.745869418E-01
     8.800000000E-05     7.120106520E-10     1.842452107E-08     8.745446837E-01
     8.900000000E-05     7.065643312E-10     1.842998455E-08     8.745047070E-01
     9.000000000E-05     7.014474801E-10     1.843509530E-08     8.744673485E-01
     9.100000000E-05     6.966497372E-10     1.843988434E-08     8.744322595E-01
     9.200000000E-05     6.921601425E-10     1.844440780E-08     8.743989385E-01
     9.300000000E-05     6.879686025E-10     1.844857540E-08     8.743683913E-01
     9.400000000E-05     6.840663123E-10     1.845247952E-08     8.743400047E-01
     9.500000000E-05     6.804429463E-10     1.845611155E-08     8.743132468E-01
     9.600000000E-05     6.770922197E-10     1.845945736E-08     8.742891206E-01
     9.700000000E-05     6.740044291E-10     1.846255346E-08     8.742667012E-01
     9.800000000E-05     6.711737283E-10     1.846535200E-08     8.742460678E-01
     9.900000000E-05     6.685916234E-10     1.846794577E-08     8.742268535E-01
     1.000000000E-04     6.662524885E-10     1.847028020E-08     8.742096362E-01

