
*FILE TYPE =     6

                Single scattering parameters.


Scattering algorithm =     1   (Full Mie scattering calculation         )
Scattering type      =     0   (Unassigned          )

Number density   =  9.99828E-01 m-3
Effective radius =  6.00015E-05 m
Volume fraction  =  3.39286E-13

    Wavelength (m)      Absorption (m-1)    Scattering (m-1)     Moments of pf
     2.000000000E-07     6.655834943E-11     8.482172861E-09     7.997352684E-01
     2.200000000E-07     6.060539256E-11     8.490496867E-09     7.994823374E-01
     2.500000000E-07     5.362466729E-11     8.503159877E-09     7.988586101E-01
     2.800000000E-07     4.802657672E-11     8.515176188E-09     7.986091438E-01
     3.000000000E-07     4.490015102E-11     8.521566942E-09     7.985500132E-01
     3.300000000E-07     4.089315192E-11     8.532187009E-09     7.981538812E-01
     3.500000000E-07     3.856975229E-11     8.536498947E-09     7.978714127E-01
     3.800000000E-07     3.571614310E-11     8.546367483E-09     7.975067088E-01
     4.000000000E-07     3.403841073E-11     8.552771182E-09     7.973212423E-01
     4.300000000E-07     2.179457362E-11     8.568321963E-09     7.998311688E-01
     4.500000000E-07     1.843137220E-11     8.573750937E-09     8.011315158E-01
     4.800000000E-07     1.642185953E-11     8.581657551E-09     8.028831909E-01
     5.000000000E-07     1.565806015E-11     8.586539511E-09     8.037159312E-01
     5.300000000E-07     1.508393264E-11     8.588374557E-09     8.047261181E-01
     5.500000000E-07     1.428555358E-11     8.590329023E-09     8.056886207E-01
     5.800000000E-07     1.430949126E-11     8.599862451E-09     8.060654305E-01
     6.000000000E-07     1.280550195E-11     8.603127556E-09     8.066278852E-01
     6.300000000E-07     1.164452137E-11     8.607600205E-09     8.071955374E-01
     6.500000000E-07     1.005975601E-11     8.613585850E-09     8.071359295E-01
     6.800000000E-07     8.060446306E-12     8.620251216E-09     8.075129947E-01
     7.000000000E-07     7.396447119E-12     8.625659396E-09     8.077577264E-01
     7.300000000E-07     6.876666577E-12     8.628709206E-09     8.080907624E-01
     7.500000000E-07     6.328292307E-12     8.631939026E-09     8.079473242E-01
     7.800000000E-07     5.795334509E-12     8.637740358E-09     8.083352828E-01
     8.000000000E-07     5.722856681E-12     8.639821948E-09     8.083508180E-01
     8.300000000E-07     8.532005611E-12     8.639982233E-09     8.083027797E-01
     8.500000000E-07     5.431049293E-12     8.646281771E-09     8.082030574E-01
     8.800000000E-07     5.099148237E-11     8.602582244E-09     8.099318435E-01
     9.000000000E-07     5.085366965E-11     8.605738309E-09     8.099449629E-01
     9.300000000E-07     4.974642786E-11     8.613681960E-09     8.097040369E-01
     9.500000000E-07     4.902318898E-11     8.614221802E-09     8.099558271E-01
     9.800000000E-07     2.524230744E-11     8.640909105E-09     8.090975559E-01
     1.000000000E-06     5.416136016E-11     8.611711418E-09     8.100310058E-01
     1.050000000E-06     7.074936034E-12     8.671718243E-09     8.086608145E-01
     1.100000000E-06     6.886341540E-12     8.676461279E-09     8.084342247E-01
     1.150000000E-06     1.678807290E-11     8.671010161E-09     8.088693179E-01
     1.200000000E-06     1.440108976E-11     8.680429907E-09     8.084318300E-01
     1.250000000E-06     7.025536127E-12     8.693903189E-09     8.081452763E-01
     1.300000000E-06     7.408797352E-12     8.703492288E-09     8.080058465E-01
     1.350000000E-06     1.700730714E-11     8.693020445E-09     8.080698724E-01
     1.400000000E-06     3.631590770E-11     8.690390706E-09     8.088422399E-01
     1.450000000E-06     2.341854558E-11     8.698415680E-09     8.081056268E-01
     1.500000000E-06     1.434928014E-11     8.712749132E-09     8.075465411E-01
     1.550000000E-06     9.772834364E-12     8.723681057E-09     8.074940118E-01
     1.600000000E-06     1.669143759E-11     8.724718596E-09     8.070113834E-01
     1.650000000E-06     2.372564085E-10     8.505484811E-09     8.142744167E-01
     1.700000000E-06     1.487458930E-10     8.606008915E-09     8.112066598E-01
     1.750000000E-06     9.797389500E-11     8.653941854E-09     8.091931412E-01
     1.800000000E-06     7.089162076E-11     8.694624078E-09     8.081036237E-01
     1.850000000E-06     5.447946116E-11     8.710966463E-09     8.070678283E-01
     1.900000000E-06     1.417890293E-10     8.628846214E-09     8.093507749E-01
     1.950000000E-06     1.032552460E-10     8.671831404E-09     8.081511900E-01
     2.000000000E-06     5.865045386E-11     8.719994846E-09     8.063390849E-01
     2.100000000E-06     1.683181196E-10     8.619517422E-09     8.055928904E-01
     2.200000000E-06     2.179359302E-10     8.581811595E-09     8.097323942E-01
     2.300000000E-06     2.446708423E-09     6.361687972E-09     8.820686918E-01
     2.400000000E-06     2.834912136E-09     5.982580315E-09     8.957543549E-01
     2.500000000E-06     1.448110332E-09     7.378825596E-09     8.482435170E-01
     2.600000000E-06     4.578348971E-10     8.388571088E-09     8.169017826E-01
     2.650000000E-06     4.516767906E-10     8.389319875E-09     8.167132762E-01
     2.700000000E-06     2.391158383E-09     6.454417747E-09     8.785343402E-01
     2.750000000E-06     2.498891839E-09     6.351246785E-09     8.817962383E-01
     2.800000000E-06     2.300667969E-09     6.553205098E-09     8.749033396E-01
     2.850000000E-06     2.188273092E-09     6.670907968E-09     8.708348629E-01
     2.900000000E-06     1.811131327E-09     7.052579882E-09     8.583563173E-01
     2.950000000E-06     2.348510814E-09     6.518885144E-09     8.759797077E-01
     3.000000000E-06     2.581693306E-09     6.290432041E-09     8.839154619E-01
     3.050000000E-06     2.002008912E-09     6.874020911E-09     8.639932626E-01
     3.100000000E-06     2.566754408E-09     6.314447850E-09     8.830618265E-01
     3.150000000E-06     2.331033513E-09     6.554205449E-09     8.747722397E-01
     3.200000000E-06     2.757220445E-09     6.132035776E-09     8.899744463E-01
     3.250000000E-06     3.059909546E-09     5.834063683E-09     9.012753281E-01
     3.300000000E-06     2.621334413E-09     6.277085861E-09     8.848305154E-01
     3.350000000E-06     3.909268041E-09     4.991861561E-09     9.389484504E-01
     3.400000000E-06     3.885328139E-09     5.019661400E-09     9.360225266E-01
     3.500000000E-06     2.951650561E-09     5.962763367E-09     8.946841982E-01
     3.700000000E-06     1.340808406E-09     7.586253540E-09     8.399791000E-01
     3.800000000E-06     1.617601351E-09     7.321513123E-09     8.485901119E-01
     3.900000000E-06     1.652995758E-09     7.293810603E-09     8.495971525E-01
     4.100000000E-06     1.629796660E-09     7.334050558E-09     8.484196733E-01
     4.300000000E-06     1.256612594E-09     7.722078574E-09     8.366657712E-01
     4.500000000E-06     1.930479946E-09     7.062324966E-09     8.577789809E-01
     4.700000000E-06     2.113024111E-09     6.896406655E-09     8.639039387E-01
     4.900000000E-06     1.657707767E-09     7.367458304E-09     8.496724373E-01
     5.100000000E-06     2.677503063E-09     6.364008905E-09     8.840481537E-01
     5.300000000E-06     1.897611599E-09     7.158242505E-09     8.600280024E-01
     5.400000000E-06     2.360928669E-09     6.702577703E-09     8.768095555E-01
     5.500000000E-06     3.170443537E-09     5.901878072E-09     9.067674515E-01
     5.700000000E-06     4.359818839E-09     4.718801616E-09     9.698218753E-01
     5.900000000E-06     4.085903389E-09     4.998698333E-09     9.251320606E-01
     6.000000000E-06     3.786164066E-09     5.313026966E-09     9.142180081E-01
     6.100000000E-06     3.220832208E-09     5.886678037E-09     8.911839996E-01
     6.200000000E-06     3.531770882E-09     5.583233050E-09     9.069661645E-01
     6.300000000E-06     3.579259694E-09     5.544834240E-09     9.107418844E-01
     6.500000000E-06     3.002989484E-09     6.136046179E-09     8.886463321E-01
     6.700000000E-06     3.680372620E-09     5.472652179E-09     9.181748839E-01
     7.000000000E-06     4.097753422E-09     5.075901646E-09     9.398147371E-01
     7.100000000E-06     4.339648408E-09     4.818634415E-09     9.534970259E-01
     7.300000000E-06     4.337096263E-09     4.841849390E-09     9.520704180E-01
     7.600000000E-06     4.485989114E-09     4.690235442E-09     9.712012438E-01
     8.000000000E-06     4.011007577E-09     5.203023155E-09     8.910408430E-01
     8.600000000E-06     4.203957114E-09     5.063654453E-09     9.320739803E-01
     9.000000000E-06     4.229905504E-09     5.007158192E-09     9.229721465E-01
     9.600000000E-06     4.278441617E-09     5.035377445E-09     9.239214955E-01
     1.000000000E-05     3.852403015E-09     5.489718009E-09     8.918895374E-01
     1.050000000E-05     3.731517583E-09     5.641137535E-09     8.845270447E-01
     1.100000000E-05     3.706652064E-09     5.694436355E-09     8.808933854E-01
     1.150000000E-05     3.681236685E-09     5.748081782E-09     8.772802410E-01
     1.250000000E-05     3.629776573E-09     5.854715876E-09     8.700586352E-01
     1.350000000E-05     3.578076294E-09     5.960848303E-09     8.629087340E-01
     1.450000000E-05     3.527310493E-09     6.065559467E-09     8.558176617E-01
     1.500000000E-05     3.502055682E-09     6.117110030E-09     8.523249368E-01
     1.550000000E-05     3.476453395E-09     6.168655705E-09     8.488648924E-01
     1.650000000E-05     3.426252048E-09     6.270204673E-09     8.420381113E-01
     1.700000000E-05     3.400534345E-09     6.323793145E-09     8.388605814E-01
     1.750000000E-05     3.377731876E-09     6.369791298E-09     8.353022450E-01
     1.800000000E-05     3.353722771E-09     6.419373744E-09     8.319700764E-01
     1.850000000E-05     3.330055293E-09     6.468297010E-09     8.286798312E-01
     1.900000000E-05     3.306666838E-09     6.517032619E-09     8.254403156E-01
     1.950000000E-05     3.283464412E-09     6.565226107E-09     8.222405994E-01
     2.000000000E-05     3.260863581E-09     6.612752538E-09     8.190341348E-01
     2.100000000E-05     3.216295239E-09     6.707005588E-09     8.127095124E-01
     2.200000000E-05     3.172488294E-09     6.799460276E-09     8.066246576E-01
     2.300000000E-05     3.130224616E-09     6.889813008E-09     8.006244823E-01
     2.400000000E-05     3.089512544E-09     6.979885568E-09     7.947365401E-01
     2.500000000E-05     3.049797434E-09     7.068065765E-09     7.889651908E-01
     2.600000000E-05     3.010887319E-09     7.155303050E-09     7.832981574E-01
     2.700000000E-05     2.973166720E-09     7.240720092E-09     7.777763542E-01
     2.800000000E-05     2.936954326E-09     7.325372647E-09     7.723827726E-01
     2.900000000E-05     2.901068743E-09     7.408915831E-09     7.670746275E-01
     3.000000000E-05     2.866679840E-09     7.491745472E-09     7.619151556E-01
     3.250000000E-05     2.783888448E-09     7.693301269E-09     7.494978512E-01
     3.500000000E-05     2.707519608E-09     7.892355384E-09     7.378559903E-01
     3.750000000E-05     2.633194536E-09     8.083261240E-09     7.268827052E-01
     4.000000000E-05     2.563855317E-09     8.271642263E-09     7.166715054E-01
     4.500000000E-05     2.435183750E-09     8.638086705E-09     6.984104409E-01
     5.000000000E-05     2.318128806E-09     8.992790472E-09     6.829773926E-01
     6.000000000E-05     2.105635627E-09     9.653488076E-09     6.598630561E-01
     8.000000000E-05     1.752737969E-09     1.072401384E-08     6.374590007E-01
     1.000000000E-04     1.470927120E-09     1.131190509E-08     6.318200709E-01
     1.500000000E-04     9.886274615E-10     1.064990124E-08     6.274579145E-01
     2.000000000E-04     7.023368820E-10     8.459856526E-09     6.100347624E-01
     5.000000000E-04     1.733377474E-10     1.209477758E-09     3.919442763E-01
     1.000000000E-03     6.166789594E-11     1.050856979E-10     1.342889404E-01
     5.000000000E-03     1.046819538E-11     1.659248019E-13     5.488149813E-03
     1.000000000E-02     5.203729780E-12     1.033344666E-14     1.373212069E-03
     2.000000000E-02     2.598064505E-12     6.452490611E-16     3.433825904E-04

