     Wavelength (m)  Real Part       Imaginary Part
*BEGIN_DATA
0.2e-6 1.61027 0.00000231
0.4e-6 1.61027 0.00000231
0.41e-6 1.60595 0.00000199
0.42e-6 1.60212 0.00000176
0.43e-6 1.59847 0.00000159
0.44e-6 1.59528 0.00000148
0.45e-6 1.59247 0.0000014
0.46e-6 1.58988 0.00000137
0.47e-6 1.58716 0.00000135
0.48e-6 1.58496 0.00000133
0.49e-6 1.58304 0.00000135
0.5e-6 1.58111 0.00000132
0.51e-6 1.57927 0.00000136
0.52e-6 1.57769 0.00000136
0.53e-6 1.5763 0.00000135
0.54e-6 1.5747 0.00000133
0.55e-6 1.57333 0.00000132
0.56e-6 1.57194 0.00000136
0.57e-6 1.57086 0.0000014
0.58e-6 1.56993 0.00000139
0.59e-6 1.56904 0.00000138
0.6e-6 1.56811 0.00000129
0.61e-6 1.56696 0.00000129
0.62e-6 1.56627 0.00000125
0.63e-6 1.56527 0.00000123
0.64e-6 1.56478 0.00000117
0.65e-6 1.56368 0.00000109
0.66e-6 1.56317 0.00000101
0.67e-6 1.56225 9.51e-7
0.68e-6 1.56199 9.11e-7
0.69e-6 1.56131 8.72e-7
0.7e-6 1.56052 8.64e-7
0.71e-6 1.56013 8.6e-7
0.72e-6 1.55933 8.52e-7
0.73e-6 1.55868 8.32e-7
0.74e-6 1.55854 8.28e-7
0.75e-6 1.55817 7.84e-7
0.76e-6 1.55795 7.43e-7
0.77e-6 1.55723 7.56e-7
0.78e-6 1.55583 7.45e-7
0.79e-6 1.5563 7.64e-7
0.8e-6 1.55533 7.56e-7
0.81e-6 1.55526 7.49e-7
0.82e-6 1.55541 8.66e-7
0.83e-6 1.55505 0.00000117
0.84e-6 1.55462 6.77e-7
0.85e-6 1.55439 7.58e-7
0.86e-6 1.55405 7.04e-7
0.87e-6 1.55374 6.26e-7
0.88e-6 1.5533 0.00000757
0.89e-6 1.55313 0.00000781
0.9e-6 1.55288 0.00000773
0.91e-6 1.55265 0.00000775
0.92e-6 1.55233 0.00000745
0.93e-6 1.55218 0.00000775
0.94e-6 1.55185 0.00000779
0.95e-6 1.55163 0.00000785
0.96e-6 1.55154 0.00000114
0.97e-6 1.55126 0.000004
0.98e-6 1.55096 0.00000412
0.99e-6 1.55074 0.00000511
1e-6 1.55073 0.00000911
1.01e-6 1.55055 0.00000102
1.02e-6 1.55051 0.00000108
1.03e-6 1.54909 0.00000119
1.04e-6 1.5487 0.00000126
1.05e-6 1.54866 0.00000122
1.06e-6 1.54817 0.00000115
1.07e-6 1.54801 0.00000109
1.08e-6 1.54785 0.00000114
1.09e-6 1.54786 8.04e-7
1.1e-6 1.54759 0.00000123
1.11e-6 1.54701 0.00000179
1.12e-6 1.54718 0.00000328
1.13e-6 1.54732 0.00000605
1.14e-6 1.54683 0.00000369
1.15e-6 1.54682 0.00000317
1.16e-6 1.54667 0.00000365
1.17e-6 1.5467 0.0000043
1.18e-6 1.54643 0.00000502
1.19e-6 1.54625 0.00000441
1.2e-6 1.54635 0.00000284
1.21e-6 1.54546 0.00000213
1.22e-6 1.54564 0.00000177
1.23e-6 1.54575 0.00000167
1.24e-6 1.54566 0.00000148
1.25e-6 1.54493 0.00000143
1.26e-6 1.54539 0.0000011
1.27e-6 1.54541 0.00000163
1.28e-6 1.54486 0.00000159
1.29e-6 1.54418 0.00000158
1.3e-6 1.54486 0.00000156
1.31e-6 1.54437 0.00000173
1.32e-6 1.54434 0.00000177
1.33e-6 1.54438 0.00000208
1.34e-6 1.54445 0.00000237
1.35e-6 1.54489 0.00000375
1.36e-6 1.54397 0.00000565
1.37e-6 1.54399 0.00000595
1.38e-6 1.54403 0.00000738
1.39e-6 1.54421 0.0000074
1.4e-6 1.54335 0.00000839
1.41e-6 1.5436 0.00000928
1.42e-6 1.54367 0.00000906
1.43e-6 1.54349 0.00000788
1.44e-6 1.5438 0.00000634
1.45e-6 1.54297 0.00000554
1.46e-6 1.54245 0.00000543
1.47e-6 1.54268 0.00000467
1.48e-6 1.54327 0.00000352
1.49e-6 1.54355 0.00000357
1.5e-6 1.54294 0.00000348
1.51e-6 1.5421 0.00000314
1.52e-6 1.54268 0.00000269
1.53e-6 1.54223 0.00000282
1.54e-6 1.54211 0.00000265
1.55e-6 1.54261 0.00000245
1.56e-6 1.54214 0.00000309
1.57e-6 1.54238 0.00000308
1.58e-6 1.54202 0.0000034
1.59e-6 1.54144 0.00000355
1.6e-6 1.54167 0.00000429
1.61e-6 1.54219 0.00000602
1.62e-6 1.54238 0.0000088
1.63e-6 1.5421 0.0000122
1.64e-6 1.54127 0.0000289
1.65e-6 1.54081 0.0000678
1.66e-6 1.54155 0.000113
1.67e-6 1.54127 0.0000727
1.68e-6 1.5421 0.0000566
1.69e-6 1.54258 0.0000459
1.7e-6 1.54123 0.0000427
1.71e-6 1.54143 0.0000401
1.72e-6 1.54138 0.0000438
1.73e-6 1.54115 0.000045
1.74e-6 1.54141 0.0000358
1.75e-6 1.54083 0.0000286
1.76e-6 1.54126 0.000027
1.77e-6 1.54061 0.0000256
1.78e-6 1.53999 0.0000209
1.79e-6 1.54181 0.0000201
1.8e-6 1.54077 0.000021
1.81e-6 1.54049 0.0000214
1.82e-6 1.54054 0.0000204
1.83e-6 1.53862 0.0000207
1.84e-6 1.54038 0.0000169
1.85e-6 1.54067 0.0000165
1.86e-6 1.54099 0.0000176
1.87e-6 1.54014 0.0000195
1.88e-6 1.54026 0.000019
1.89e-6 1.54093 0.0000249
1.9e-6 1.54183 0.0000451
1.91e-6 1.53869 0.0000506
1.92e-6 1.54006 0.0000361
1.93e-6 1.54081 0.0000277
1.94e-6 1.53976 0.0000283
1.95e-6 1.54076 0.0000333
1.96e-6 1.53965 0.000029
1.97e-6 1.54023 0.0000214
1.98e-6 1.53927 0.0000189
1.99e-6 1.54049 0.000019
2e-6 1.53997 0.0000191
2.0097e-6 1.65443 0.0000211
2.019e-6 1.64802 0.0000253
2.0285e-6 1.63699 0.000027
2.0381e-6 1.62743 0.0000287
2.0478e-6 1.61773 0.0000306
2.0575e-6 1.60303 0.0000342
2.0673e-6 1.58379 0.000041
2.0773e-6 1.56728 0.0000494
2.0873e-6 1.56196 0.0000536
2.0975e-6 1.55855 0.0000562
2.1077e-6 1.54842 0.0000694
2.118e-6 1.53989 0.0000997
2.1285e-6 1.53806 0.000135
2.139e-6 1.53917 0.000136
2.1496e-6 1.53925 0.000126
2.1568e-6 1.53894 0.000121
2.1676e-6 1.5384 0.000108
2.1785e-6 1.53891 0.000099
2.1896e-6 1.54079 0.0000886
2.197e-6 1.54276 0.000081
2.2082e-6 1.54352 0.000082
2.2196e-6 1.54059 0.000104
2.2272e-6 1.53845 0.000131
2.2387e-6 1.53663 0.000182
2.2465e-6 1.53643 0.00107
2.2582e-6 1.53694 0.00228
2.2661e-6 1.53773 0.00291
2.2781e-6 1.53796 0.00287
2.2861e-6 1.53668 0.00246
2.2983e-6 1.5352 0.00181
2.3065e-6 1.53534 0.00138
2.3188e-6 1.53621 0.000863
2.3272e-6 1.53635 0.00116
2.3398e-6 1.53593 0.00166
2.3482e-6 1.53596 0.00215
2.3568e-6 1.53637 0.00219
2.3697e-6 1.53614 0.00161
2.3784e-6 1.53542 0.00165
2.3872e-6 1.53454 0.00198
2.396e-6 1.53434 0.0024
2.4093e-6 1.53575 0.00254
2.4183e-6 1.53681 0.00187
2.4274e-6 1.5372 0.00105
2.4365e-6 1.53685 0.000651
2.4457e-6 1.53625 0.000533
2.4596e-6 1.53576 0.000963
2.469e-6 1.53571 0.000836
2.4784e-6 1.535 0.00103
2.488e-6 1.53425 0.00114
2.4975e-6 1.53416 0.000818
2.5072e-6 1.53478 0.000794
2.5169e-6 1.53569 0.00115
2.5268e-6 1.53638 0.00141
2.5366e-6 1.53644 0.00112
2.5466e-6 1.53569 0.00113
2.5567e-6 1.53475 0.00224
2.5668e-6 1.53441 0.00284
2.577e-6 1.53488 0.000226
2.5873e-6 1.53559 0.000218
2.5976e-6 1.53532 0.000212
2.6081e-6 1.53478 0.00021
2.6186e-6 1.53502 0.000212
2.6293e-6 1.53507 0.000209
2.64e-6 1.53435 0.000205
2.6454e-6 1.53402 0.000207
2.6562e-6 1.53311 0.000219
2.6671e-6 1.53237 0.000224
2.6782e-6 1.53208 0.000221
2.6893e-6 1.53221 0.000228
2.6949e-6 1.53255 0.00192
2.7061e-6 1.53328 0.0019
2.7175e-6 1.53404 0.00204
2.7289e-6 1.53389 0.00216
2.7347e-6 1.5339 0.00209
2.7462e-6 1.53456 0.002
2.7579e-6 1.53437 0.00235
2.7697e-6 1.53384 0.0021
2.7756e-6 1.53364 0.00175
2.7876e-6 1.53338 0.00147
2.7996e-6 1.53312 0.00183
2.8057e-6 1.53317 0.00201
2.8179e-6 1.53334 0.00235
2.824e-6 1.53352 0.00259
2.8364e-6 1.53372 0.00252
2.8489e-6 1.53293 0.00172
2.8551e-6 1.53208 0.00169
2.8678e-6 1.53038 0.00207
2.8741e-6 1.53001 0.0022
2.8869e-6 1.53113 0.00171
2.8998e-6 1.53121 0.00128
2.9063e-6 1.53115 0.00147
2.9194e-6 1.53249 0.00204
2.926e-6 1.53291 0.00225
2.9393e-6 1.53218 0.00215
2.946e-6 1.53184 0.00208
2.9594e-6 1.5317 0.00183
2.9662e-6 1.53175 0.00173
2.9798e-6 1.53164 0.00152
2.9867e-6 1.53148 0.00165
2.9936e-6 1.53164 0.00216
3.0075e-6 1.53209 0.00277
3.0145e-6 1.53188 0.00226
3.0286e-6 1.53105 0.00152
3.0357e-6 1.53085 0.00166
3.0499e-6 1.53084 0.00158
3.0571e-6 1.53114 0.00121
3.0644e-6 1.53136 0.00104
3.0789e-6 1.531 0.00101
3.0863e-6 1.5309 0.00142
3.0936e-6 1.5311 0.00209
3.1085e-6 1.53072 0.00301
3.1159e-6 1.53033 0.00279
3.1234e-6 1.5303 0.00226
3.1386e-6 1.52998 0.00182
3.1462e-6 1.52963 0.00203
3.1538e-6 1.52944 0.00217
3.1693e-6 1.52859 0.00195
3.177e-6 1.52841 0.00201
3.1848e-6 1.5285 0.00241
3.1927e-6 1.52851 0.00273
3.2085e-6 1.52784 0.00325
3.2164e-6 1.52743 0.00359
3.2244e-6 1.5272 0.00381
3.2325e-6 1.52714 0.00392
3.2487e-6 1.52774 0.00391
3.2569e-6 1.52812 0.00362
3.2651e-6 1.52826 0.0034
3.2733e-6 1.52822 0.00326
3.2899e-6 1.52714 0.00262
3.2983e-6 1.52634 0.00264
3.3067e-6 1.52535 0.00315
3.3152e-6 1.52405 0.00406
3.3237e-6 1.52267 0.00519
3.3322e-6 1.52161 0.00669
3.3494e-6 1.52122 0.0116
3.3581e-6 1.52273 0.0148
3.3668e-6 1.52612 0.0173
3.3756e-6 1.53082 0.0181
3.3844e-6 1.53514 0.0167
3.3933e-6 1.53758 0.0138
3.4022e-6 1.53821 0.0107
3.4111e-6 1.53774 0.0081
3.4292e-6 1.53527 0.00559
3.4383e-6 1.53393 0.00596
3.4474e-6 1.53337 0.00671
3.4566e-6 1.53347 0.00723
3.4658e-6 1.53398 0.00719
3.4751e-6 1.53459 0.00661
3.4845e-6 1.53506 0.0056
3.4939e-6 1.5354 0.00441
3.5033e-6 1.53552 0.00342
3.5128e-6 1.53537 0.0027
3.5224e-6 1.53487 0.00222
3.532e-6 1.53403 0.00174
3.5416e-6 1.53321 0.00138
3.5513e-6 1.53259 0.00152
3.5611e-6 1.53199 0.00188
3.5709e-6 1.53122 0.002
3.5807e-6 1.53076 0.00192
3.5907e-6 1.53089 0.00191
3.6006e-6 1.5308 0.00178
3.6107e-6 1.53039 0.0018
3.6207e-6 1.53003 0.00194
3.6309e-6 1.52989 0.00183
3.6411e-6 1.52999 0.00163
3.6513e-6 1.52983 0.00159
3.6617e-6 1.52928 0.0017
3.672e-6 1.52888 0.00173
3.6825e-6 1.52899 0.00144
3.693e-6 1.52931 0.00107
3.7035e-6 1.52929 0.00105
3.7141e-6 1.52871 0.00131
3.7248e-6 1.52796 0.00151
3.7355e-6 1.52758 0.00142
3.7463e-6 1.52757 0.00124
3.7572e-6 1.52758 0.00114
3.7681e-6 1.52712 0.00117
3.7791e-6 1.52656 0.00129
3.7901e-6 1.52634 0.00139
3.8013e-6 1.52652 0.0014
3.8124e-6 1.52659 0.00141
3.8237e-6 1.5264 0.00147
3.835e-6 1.52605 0.00156
3.8464e-6 1.52548 0.00166
3.8578e-6 1.52511 0.00161
3.8693e-6 1.52528 0.00124
3.8809e-6 1.52536 0.00112
3.8926e-6 1.52511 0.0013
3.9043e-6 1.52494 0.00158
3.9161e-6 1.52483 0.00174
3.928e-6 1.52432 0.00171
3.9399e-6 1.52362 0.0016
3.9519e-6 1.52367 0.00151
3.964e-6 1.52409 0.00146
3.9762e-6 1.52413 0.00136
3.9884e-6 1.52384 0.00129
4.0007e-6 1.52371 0.00135
4.0131e-6 1.52352 0.00157
4.0255e-6 1.52329 0.0017
4.0381e-6 1.52295 0.0015
4.0507e-6 1.52269 0.00114
4.0634e-6 1.52238 0.0011
4.0762e-6 1.52196 0.00124
4.089e-6 1.52166 0.00133
4.102e-6 1.52153 0.00155
4.115e-6 1.52134 0.00186
4.1281e-6 1.52099 0.00194
4.1413e-6 1.52039 0.00197
4.1546e-6 1.52017 0.00209
4.1679e-6 1.52022 0.00223
4.1814e-6 1.52023 0.00246
4.1949e-6 1.52012 0.00274
4.2085e-6 1.52016 0.00289
4.2222e-6 1.52079 0.00328
4.236e-6 1.52151 0.0031
4.2499e-6 1.52054 0.00301
4.2639e-6 1.51962 0.00291
4.278e-6 1.51872 0.00191
4.2921e-6 1.51758 0.000982
4.3064e-6 1.51772 0.00122
4.3208e-6 1.51764 0.00143
4.3352e-6 1.51758 0.00165
4.3498e-6 1.51763 0.00189
4.3644e-6 1.51732 0.00203
4.3791e-6 1.51693 0.00209
4.394e-6 1.51673 0.00199
4.4089e-6 1.51627 0.00189
4.424e-6 1.51561 0.0018
4.4391e-6 1.5153 0.00172
4.4544e-6 1.51524 0.00179
4.4697e-6 1.51513 0.00199
4.4852e-6 1.51475 0.0022
4.5008e-6 1.51422 0.00212
4.5165e-6 1.51373 0.00184
4.5323e-6 1.51333 0.00165
4.5482e-6 1.51285 0.00151
4.5642e-6 1.51232 0.00167
4.5803e-6 1.51171 0.002
4.5965e-6 1.5112 0.00211
4.6129e-6 1.51071 0.00211
4.6294e-6 1.51029 0.0021
4.646e-6 1.50998 0.00219
4.6627e-6 1.50967 0.00242
4.6795e-6 1.50905 0.00262
4.6965e-6 1.50859 0.00257
4.7136e-6 1.50843 0.00247
4.7308e-6 1.50797 0.00265
4.7481e-6 1.50752 0.00261
4.7655e-6 1.50711 0.00245
4.7831e-6 1.50637 0.00255
4.8008e-6 1.50567 0.00249
4.8187e-6 1.50559 0.00205
4.8367e-6 1.50562 0.0018
4.8548e-6 1.50488 0.00191
4.873e-6 1.50377 0.00182
4.8914e-6 1.50272 0.00176
4.91e-6 1.50168 0.00191
4.9286e-6 1.50075 0.00187
4.9474e-6 1.49966 0.00179
4.9664e-6 1.49883 0.00213
4.9855e-6 1.49798 0.00257
5.0047e-6 1.4971 0.0029
5.0241e-6 1.49666 0.00314
5.0437e-6 1.49565 0.00327
5.0634e-6 1.49399 0.00323
5.0832e-6 1.49276 0.00349
5.1033e-6 1.49199 0.00434
5.1234e-6 1.49154 0.0049
5.1438e-6 1.49104 0.00474
5.1643e-6 1.49026 0.00411
5.1849e-6 1.4892 0.00343
5.2057e-6 1.48773 0.00297
5.2267e-6 1.48603 0.00283
5.2479e-6 1.48428 0.00281
5.2692e-6 1.48241 0.00249
5.2907e-6 1.48041 0.00231
5.3124e-6 1.47834 0.00252
5.3343e-6 1.47578 0.00259
5.3563e-6 1.47264 0.00272
5.3785e-6 1.46936 0.00291
5.4009e-6 1.46589 0.00351
5.4235e-6 1.4622 0.00454
5.4463e-6 1.45881 0.00526
5.4693e-6 1.45491 0.00598
5.4925e-6 1.45028 0.00649
5.5159e-6 1.44521 0.00669
5.5394e-6 1.43918 0.00713
5.5632e-6 1.43145 0.00767
5.5872e-6 1.42127 0.00835
5.6114e-6 1.40911 0.00953
5.6358e-6 1.39244 0.0115
5.6604e-6 1.36717 0.0159
5.6852e-6 1.33151 0.0246
5.7103e-6 1.27262 0.0564
5.7355e-6 1.19759 0.176
5.761e-6 1.21707 0.384
5.7867e-6 1.38944 0.545
5.8127e-6 1.65093 0.529
5.8389e-6 1.831 0.313
5.8653e-6 1.80268 0.121
5.8919e-6 1.70765 0.0469
5.9188e-6 1.65369 0.029
5.946e-6 1.62648 0.0238
5.9734e-6 1.60708 0.0184
6.0011e-6 1.59271 0.0136
6.029e-6 1.58032 0.0104
6.0571e-6 1.56804 0.00875
6.0856e-6 1.55853 0.00769
6.1143e-6 1.5517 0.00742
6.1433e-6 1.54442 0.00777
6.1725e-6 1.53857 0.00937
6.202e-6 1.53536 0.0102
6.2319e-6 1.532 0.00874
6.262e-6 1.52563 0.00737
6.2924e-6 1.51833 0.00942
6.3231e-6 1.51625 0.0146
6.3541e-6 1.51936 0.0149
6.3854e-6 1.51856 0.00993
6.417e-6 1.5128 0.00714
6.4489e-6 1.50701 0.00623
6.4811e-6 1.50156 0.00603
6.5137e-6 1.49597 0.00703
6.5466e-6 1.49177 0.00815
6.5798e-6 1.48589 0.00935
6.6134e-6 1.48112 0.0151
6.6473e-6 1.48466 0.02
6.6816e-6 1.48378 0.0139
6.7162e-6 1.47153 0.0108
6.7512e-6 1.46173 0.0184
6.7865e-6 1.46006 0.0274
6.8223e-6 1.46002 0.0328
6.8583e-6 1.46075 0.0377
6.8948e-6 1.46485 0.0394
6.9317e-6 1.46618 0.0349
6.969e-6 1.46021 0.0268
7.0066e-6 1.44202 0.021
7.0447e-6 1.41615 0.0419
7.0832e-6 1.42705 0.0842
7.1221e-6 1.4668 0.0853
7.1615e-6 1.47306 0.0531
7.2013e-6 1.44888 0.0409
7.2415e-6 1.43431 0.0556
7.2822e-6 1.44464 0.0673
7.3233e-6 1.45459 0.0519
7.3649e-6 1.43632 0.0303
7.407e-6 1.40586 0.0291
7.4496e-6 1.38578 0.0381
7.4926e-6 1.36725 0.0406
7.5362e-6 1.33474 0.0441
7.5803e-6 1.29253 0.0635
7.6249e-6 1.24522 0.101
7.67e-6 1.19301 0.175
7.7156e-6 1.17092 0.291
7.7618e-6 1.20793 0.404
7.8086e-6 1.2816 0.492
7.8559e-6 1.3817 0.579
7.9038e-6 1.53949 0.629
7.9523e-6 1.70521 0.582
8.0014e-6 1.82389 0.495
8.0511e-6 1.92141 0.371
8.1014e-6 1.93253 0.197
8.1524e-6 1.84944 0.0803
8.204e-6 1.76797 0.0417
8.2562e-6 1.71383 0.0295
8.3091e-6 1.67401 0.0228
8.3628e-6 1.64001 0.0193
8.4171e-6 1.60858 0.0206
8.4721e-6 1.58346 0.0287
8.5278e-6 1.56603 0.0337
8.5843e-6 1.54217 0.0311
8.6415e-6 1.50207 0.0365
8.6995e-6 1.4563 0.0652
8.7583e-6 1.42098 0.116
8.8179e-6 1.40294 0.191
8.8783e-6 1.43215 0.286
8.9395e-6 1.50643 0.342
9.0016e-6 1.57258 0.37
9.0645e-6 1.67477 0.408
9.1284e-6 1.82059 0.357
9.1931e-6 1.88114 0.214
9.2588e-6 1.84268 0.103
9.3254e-6 1.78046 0.049
9.393e-6 1.72601 0.0331
9.4615e-6 1.68799 0.0392
9.5311e-6 1.66834 0.0535
9.6017e-6 1.66381 0.0618
9.6733e-6 1.6512 0.0635
9.7461e-6 1.64332 0.092
9.8199e-6 1.68815 0.114
9.8949e-6 1.7238 0.0695
9.971e-6 1.69689 0.0225
10.048e-6 1.66393 0.0185
10.127e-6 1.64969 0.0288
10.207e-6 1.64728 0.0395
10.288e-6 1.65261 0.0399
10.37e-6 1.65357 0.0306
10.453e-6 1.64708 0.0216
10.538e-6 1.63832 0.0169
10.625e-6 1.63038 0.0159
10.713e-6 1.62369 0.0157
10.802e-6 1.61763 0.0149
10.893e-6 1.60939 0.0154
10.985e-6 1.59926 0.0209
11.079e-6 1.59487 0.03
11.174e-6 1.59442 0.0357
11.272e-6 1.59101 0.0437
11.37e-6 1.60004 0.0612
11.471e-6 1.62593 0.0631
11.573e-6 1.63487 0.0413
11.678e-6 1.62288 0.0276
11.784e-6 1.6141 0.0277
11.892e-6 1.61118 0.0267
12.002e-6 1.6095 0.0238
12.114e-6 1.60662 0.0217
12.229e-6 1.60178 0.0215
12.345e-6 1.59666 0.0215
12.464e-6 1.59136 0.023
12.585e-6 1.58976 0.025
12.708e-6 1.58844 0.02
12.834e-6 1.57832 0.0141
12.962e-6 1.56594 0.0137
13.093e-6 1.55212 0.013
13.227e-6 1.52759 0.0152
13.363e-6 1.47368 0.0286
13.502e-6 1.41089 0.153
13.645e-6 1.51756 0.361
13.79e-6 1.76188 0.35
13.938e-6 1.83856 0.132
14.089e-6 1.74766 0.0233
14.244e-6 1.70043 0.017
14.403e-6 1.67956 0.00914
14.564e-6 1.66168 0.00878
14.73e-6 1.64964 0.00848
14.899e-6 1.64074 0.00682
15.072e-6 1.6358 0.00577
15.25e-6 1.63292 0.00566
15.431e-6 1.62609 0.0058
15.617e-6 1.62066 0.00901
15.808e-6 1.61792 0.0105
16.003e-6 1.61632 0.00686
16.203e-6 1.61404 0.00416
16.408e-6 1.61267 0.00545
16.618e-6 1.60926 0.0077
16.834e-6 1.60441 0.00635
17.056e-6 1.6007 0.00491
17.283e-6 1.59761 0.00416
17.517e-6 1.59529 0.00565
17.757e-6 1.59207 0.00961
18.003e-6 1.5889 0.0121
18.257e-6 1.5865 0.0139
18.518e-6 1.58461 0.0182
18.786e-6 1.58432 0.0223
19.062e-6 1.58322 0.0233
19.347e-6 1.58226 0.0261
19.64e-6 1.58606 0.0363
19.942e-6 1.5961 0.0448
2e-2 1.5961 0.0448
*END
