Wavelength (m)  Real Part       Imaginary Part
*BEGIN_DATA
2.000000000E-07 1.720692975E+00 6.678831835E-07
2.050000000E-07 1.710134233E+00 6.678831835E-07
2.101250000E-07 1.700382676E+00 6.678831835E-07
2.153781250E-07 1.691359325E+00 6.678831835E-07
2.207625781E-07 1.682995037E+00 6.678831835E-07
2.262816426E-07 1.675229011E+00 6.678831835E-07
2.319386836E-07 1.668007557E+00 6.678831835E-07
2.377371507E-07 1.661283076E+00 6.678831835E-07
2.436805795E-07 1.655013218E+00 6.678831835E-07
2.497725940E-07 1.649160170E+00 6.678831835E-07
2.560169088E-07 1.643690063E+00 6.678831835E-07
2.624173316E-07 1.638572469E+00 6.678831835E-07
2.689777648E-07 1.633779970E+00 6.678831835E-07
2.757022090E-07 1.629287796E+00 6.678831835E-07
2.825947642E-07 1.625073514E+00 6.678831835E-07
2.896596333E-07 1.621116752E+00 6.678831835E-07
2.969011241E-07 1.617398974E+00 6.678831835E-07
3.043236522E-07 1.613903276E+00 6.678831835E-07
3.119317435E-07 1.610614208E+00 6.678831835E-07
3.197300371E-07 1.607517625E+00 6.678831835E-07
3.277232881E-07 1.604600552E+00 6.678831835E-07
3.359163703E-07 1.601851065E+00 6.678831835E-07
3.443142795E-07 1.599258187E+00 6.678831835E-07
3.529221365E-07 1.596811802E+00 6.678831835E-07
3.617451899E-07 1.594502567E+00 6.678831835E-07
3.707888197E-07 1.592321842E+00 6.678831835E-07
3.800585402E-07 1.590261631E+00 6.678831835E-07
3.895600037E-07 1.588314518E+00 6.678831835E-07
3.992990038E-07 1.586473621E+00 6.678831835E-07
4.092814788E-07 1.584732542E+00 6.740239160E-07
4.195135158E-07 1.583085331E+00 6.831052071E-07
4.300013537E-07 1.581526445E+00 6.947920910E-07
4.407513876E-07 1.580050715E+00 7.091555577E-07
4.517701722E-07 1.578653320E+00 7.262936010E-07
4.630644265E-07 1.577329754E+00 7.463318384E-07
4.746410372E-07 1.576075806E+00 7.694245520E-07
4.865070631E-07 1.574887536E+00 7.957561476E-07
4.986697397E-07 1.573761251E+00 8.255430392E-07
5.111364832E-07 1.572693495E+00 8.590359744E-07
5.239148953E-07 1.571681023E+00 8.965228234E-07
5.370127677E-07 1.570720791E+00 9.383318618E-07
5.504380869E-07 1.569809940E+00 9.848355852E-07
5.641990390E-07 1.568945784E+00 1.036455102E-06
5.783040150E-07 1.568125796E+00 1.093665157E-06
5.927616154E-07 1.567347600E+00 1.156999856E-06
6.075806558E-07 1.566608958E+00 1.227059148E-06
6.227701722E-07 1.565907763E+00 1.304516172E-06
6.383394265E-07 1.565242031E+00 1.390125535E-06
6.542979121E-07 1.564609888E+00 1.484732652E-06
6.706553599E-07 1.564009569E+00 1.589284245E-06
6.874217439E-07 1.563439408E+00 1.704840158E-06
7.046072875E-07 1.562897833E+00 1.832586608E-06
7.222224697E-07 1.562383358E+00 1.973851073E-06
7.402780315E-07 1.561894581E+00 2.130118966E-06
7.587849823E-07 1.561430175E+00 2.303052332E-06
7.777546068E-07 1.560988888E+00 2.494510777E-06
7.971984720E-07 1.560569533E+00 2.706574891E-06
8.171284338E-07 1.560170991E+00 2.941572435E-06
8.375566446E-07 1.559792199E+00 3.202107619E-06
8.584955607E-07 1.559432153E+00 3.491093791E-06
8.799579498E-07 1.559089903E+00 3.811789915E-06
9.019568985E-07 1.558764549E+00 4.167841267E-06
9.245058210E-07 1.558455237E+00 4.563324764E-06
9.476184665E-07 1.558161160E+00 5.002799451E-06
9.713089282E-07 1.557881552E+00 5.491362659E-06
9.955916514E-07 1.557615688E+00 6.034712418E-06
1.020481443E-06 1.557362878E+00 6.639216766E-06
1.045993479E-06 1.557122472E+00 7.311990631E-06
1.072143316E-06 1.556893850E+00 8.060981013E-06
1.098946899E-06 1.556676425E+00 8.895061271E-06
1.126420571E-06 1.556469640E+00 9.824135356E-06
1.154581085E-06 1.556272968E+00 1.085925289E-05
1.183445612E-06 1.556085907E+00 1.201273607E-05
1.213031753E-06 1.555907981E+00 1.329831938E-05
1.243357547E-06 1.555738738E+00 1.473130323E-05
1.274441485E-06 1.555577749E+00 1.632872257E-05
1.306302522E-06 1.555424608E+00 1.810953181E-05
1.338960085E-06 1.555278928E+00 2.009480700E-05
1.372434088E-06 1.555140341E+00 2.230796674E-05
1.406744940E-06 1.555008498E+00 2.477501304E-05
1.441913563E-06 1.554883069E+00 2.752479327E-05
1.477961402E-06 1.554763738E+00 3.058928467E-05
1.514910437E-06 1.554650207E+00 3.400390251E-05
1.552783198E-06 1.554542192E+00 3.780783323E-05
1.591602778E-06 1.554439421E+00 4.204439359E-05
1.631392848E-06 1.554341640E+00 4.676141699E-05
1.672177669E-06 1.554248603E+00 5.201166779E-05
1.713982111E-06 1.554160080E+00 5.785328450E-05
1.756831663E-06 1.554075849E+00 6.435025224E-05
1.800752455E-06 1.553995702E+00 7.157290496E-05
1.845771266E-06 1.553919439E+00 7.959845742E-05
1.891915548E-06 1.553846872E+00 8.851156653E-05
1.939213437E-06 1.553777819E+00 9.840492141E-05
1.987693773E-06 1.553712110E+00 1.093798611E-04
2.037386117E-06 1.553649583E+00 1.215470181E-04
2.088320770E-06 1.553590082E+00 1.350269855E-04
2.140528789E-06 1.553533460E+00 1.499510053E-04
2.194042009E-06 1.553479578E+00 1.664616731E-04
2.248893059E-06 1.553428302E+00 1.847136566E-04
2.305115386E-06 1.553379507E+00 2.048744210E-04
2.362743270E-06 1.553333070E+00 2.271249563E-04
2.421811852E-06 1.553288879E+00 2.516604989E-04
2.482357148E-06 1.553246825E+00 2.786912400E-04
2.544416077E-06 1.553206802E+00 3.084430112E-04
2.608026479E-06 1.553168714E+00 3.411579375E-04
2.673227141E-06 1.553132466E+00 3.770950463E-04
2.740057819E-06 1.553097970E+00 4.165308208E-04
2.808559265E-06 1.553065139E+00 4.597596830E-04
2.878773246E-06 1.553033895E+00 5.070943945E-04
2.950742578E-06 1.553004159E+00 5.588663568E-04
3.024511142E-06 1.552975860E+00 6.154257976E-04
3.100123921E-06 1.552948926E+00 6.771418251E-04
3.177627019E-06 1.552923293E+00 7.444023328E-04
3.257067694E-06 1.552898898E+00 8.176137380E-04
3.338494386E-06 1.552875680E+00 8.972005345E-04
3.421956746E-06 1.552853583E+00 9.836046432E-04
3.507505665E-06 1.552832552E+00 1.077284542E-03
3.595193306E-06 1.552812536E+00 1.178714159E-03
3.685073139E-06 1.552793486E+00 1.288381510E-03
3.777199968E-06 1.552775355E+00 1.406787072E-03
3.871629967E-06 1.552758099E+00 1.534441872E-03
3.968420716E-06 1.552741676E+00 1.671865286E-03
4.067631234E-06 1.552726045E+00 1.819582538E-03
4.169322015E-06 1.552711168E+00 1.978121891E-03
4.273555065E-06 1.552697008E+00 2.148011532E-03
4.380393942E-06 1.552683532E+00 2.329776152E-03
4.489903790E-06 1.552670705E+00 2.523933221E-03
4.602151385E-06 1.552658497E+00 2.730988980E-03
4.717205170E-06 1.552646878E+00 2.951434144E-03
4.835135299E-06 1.552635820E+00 3.185739364E-03
4.956013681E-06 1.552625294E+00 3.434350449E-03
5.079914023E-06 1.552615276E+00 3.697683384E-03
5.206911874E-06 1.552605742E+00 3.976119190E-03
5.337084671E-06 1.552596666E+00 4.269998656E-03
5.470511788E-06 1.552588029E+00 4.579616984E-03
5.607274582E-06 1.552579808E+00 4.905218420E-03
5.747456447E-06 1.552571983E+00 5.246990895E-03
5.891142858E-06 1.552564536E+00 5.605060759E-03
6.038421429E-06 1.552557448E+00 5.979487664E-03
6.189381965E-06 1.552550701E+00 6.370259657E-03
6.344116514E-06 1.552544280E+00 6.777288547E-03
6.502719427E-06 1.552538168E+00 7.200405629E-03
6.665287413E-06 1.552532351E+00 7.639357818E-03
6.831919598E-06 1.552526814E+00 8.093804265E-03
7.002717588E-06 1.552521544E+00 8.563313527E-03
7.177785528E-06 1.552516528E+00 9.047361342E-03
7.357230166E-06 1.552511754E+00 9.545329075E-03
7.541160920E-06 1.552507210E+00 1.005650288E-02
7.729689943E-06 1.552502885E+00 1.058007366E-02
7.922932192E-06 1.552498769E+00 1.111513775E-02
8.121005496E-06 1.552494851E+00 1.166069856E-02
8.324030634E-06 1.552491122E+00 1.221566898E-02
8.532131400E-06 1.552487572E+00 1.277887468E-02
8.745434685E-06 1.552484194E+00 1.334905829E-02
8.964070552E-06 1.552480978E+00 1.392488444E-02
9.188172316E-06 1.552477918E+00 1.450494562E-02
9.417876624E-06 1.552475005E+00 1.508776888E-02
9.653323539E-06 1.552472232E+00 1.567182325E-02
9.894656628E-06 1.552469593E+00 1.625552787E-02
1.014202304E-05 1.552467081E+00 1.683726081E-02
1.039557362E-05 1.552464690E+00 1.741536841E-02
1.065546296E-05 1.552462415E+00 1.798817508E-02
1.092184953E-05 1.552460249E+00 1.855399355E-02
1.119489577E-05 1.552458188E+00 1.911113541E-02
1.147476817E-05 1.552456225E+00 1.965792175E-02
1.176163737E-05 1.552454358E+00 2.019269399E-02
1.205567830E-05 1.552452580E+00 2.071382462E-02
1.235707026E-05 1.552450888E+00 2.121972781E-02
1.266599702E-05 1.552449278E+00 2.170886979E-02
1.298264694E-05 1.552447745E+00 2.217977889E-02
1.330721312E-05 1.552446286E+00 2.263105505E-02
1.363989345E-05 1.552444898E+00 2.306137886E-02
1.398089078E-05 1.552443576E+00 2.346951993E-02
1.433041305E-05 1.552442318E+00 2.385434448E-02
1.468867338E-05 1.552441120E+00 2.421482228E-02
1.505589021E-05 1.552439981E+00 2.455003250E-02
1.543228747E-05 1.552438896E+00 2.485916891E-02
1.581809465E-05 1.552437864E+00 2.514154390E-02
1.621354702E-05 1.552436881E+00 2.539659167E-02
1.661888570E-05 1.552435945E+00 2.562387038E-02
1.703435784E-05 1.552435055E+00 2.582306326E-02
1.746021678E-05 1.552434208E+00 2.599397884E-02
1.789672220E-05 1.552433401E+00 2.613655005E-02
1.834414026E-05 1.552432633E+00 2.625083255E-02
1.880274377E-05 1.552431903E+00 2.633700207E-02
1.927281236E-05 1.552431207E+00 2.639535089E-02
1.975463267E-05 1.552430545E+00 2.642628360E-02
2.024849849E-05 1.552429915E+00 2.643031210E-02
2.075471095E-05 1.552429316E+00 2.640804993E-02
2.127357872E-05 1.552428745E+00 2.636020608E-02
2.180541819E-05 1.552428201E+00 2.628757827E-02
2.235055364E-05 1.552427684E+00 2.619104583E-02
2.290931749E-05 1.552427192E+00 2.607156228E-02
2.348205042E-05 1.552426724E+00 2.593014761E-02
2.406910168E-05 1.552426278E+00 2.576788047E-02
2.467082923E-05 1.552425853E+00 2.558589029E-02
2.528759996E-05 1.552425449E+00 2.538534929E-02
2.591978996E-05 1.552425065E+00 2.516746470E-02
2.656778470E-05 1.552424699E+00 2.493347109E-02
2.723197932E-05 1.552424350E+00 2.468462283E-02
2.791277880E-05 1.552424019E+00 2.442218692E-02
2.861059827E-05 1.552423703E+00 2.414743611E-02
2.932586323E-05 1.552423403E+00 2.386164234E-02
3.005900981E-05 1.552423117E+00 2.356607066E-02
3.081048506E-05 1.552422845E+00 2.326197350E-02
3.158074718E-05 1.552422586E+00 2.295058553E-02
3.237026586E-05 1.552422339E+00 2.263311885E-02
3.317952251E-05 1.552422105E+00 2.231075883E-02
3.400901057E-05 1.552421881E+00 2.198466035E-02
3.485923584E-05 1.552421669E+00 2.165594457E-02
3.573071673E-05 1.552421466E+00 2.132569628E-02
3.662398465E-05 1.552421274E+00 2.099496165E-02
3.753958427E-05 1.552421091E+00 2.066474657E-02
3.847807387E-05 1.552420916E+00 2.033601535E-02
3.944002572E-05 1.552420750E+00 2.000969003E-02
4.042602636E-05 1.552420592E+00 1.968664999E-02
4.143667702E-05 1.552420441E+00 1.936773209E-02
4.247259395E-05 1.552420298E+00 1.905373116E-02
4.353440880E-05 1.552420162E+00 1.874540086E-02
4.462276902E-05 1.552420032E+00 1.844345494E-02
4.573833824E-05 1.552419909E+00 1.814856879E-02
4.688179670E-05 1.552419791E+00 1.786138135E-02
4.805384162E-05 1.552419679E+00 1.758249725E-02
4.925518766E-05 1.552419573E+00 1.731248932E-02
5.048656735E-05 1.552419472E+00 1.705190123E-02
5.174873153E-05 1.552419375E+00 1.680125049E-02
5.304244982E-05 1.552419283E+00 1.656103165E-02
5.436851107E-05 1.552419196E+00 1.633171966E-02
5.572772384E-05 1.552419113E+00 1.611377357E-02
5.712091694E-05 1.552419034E+00 1.590764035E-02
5.854893986E-05 1.552418958E+00 1.571375897E-02
6.001266336E-05 1.552418886E+00 1.553256473E-02
6.151297994E-05 1.552418818E+00 1.536449380E-02
6.305080444E-05 1.552418753E+00 1.520998807E-02
6.462707455E-05 1.552418691E+00 1.506950024E-02
6.624275142E-05 1.552418632E+00 1.494349927E-02
6.789882020E-05 1.552418576E+00 1.483247618E-02
6.959629071E-05 1.552418523E+00 1.473695028E-02
7.133619797E-05 1.552418472E+00 1.465747583E-02
7.311960292E-05 1.552418424E+00 1.459464927E-02
7.494759300E-05 1.552418378E+00 1.454911708E-02
7.682128282E-05 1.552418334E+00 1.452158434E-02
7.874181489E-05 1.552418293E+00 1.451282411E-02
8.071036027E-05 1.552418253E+00 1.452368779E-02
8.272811927E-05 1.552418215E+00 1.455511660E-02
8.479632225E-05 1.552418179E+00 1.460815433E-02
8.691623031E-05 1.552418145E+00 1.468396163E-02
8.908913607E-05 1.552418113E+00 1.478383199E-02
9.131636447E-05 1.552418082E+00 1.490920981E-02
9.359927358E-05 1.552418052E+00 1.506171086E-02
9.593925542E-05 1.552418024E+00 1.524314537E-02
9.833773681E-05 1.552417997E+00 1.545554457E-02
2.000000000E-02 1.552417470E+00 1.561852439E-02
*END
