The first HR value is a filler; the 2nd HR corresponds to the layer
between levels 54 and 55, the 3rd HR corresponds to the layer between
levels 53 and 54, etc.
     level  p(mb) flxup(W/m2) flxdn(W/m2) HR(K/day)
      55    0.07    280.77      0.00      0.00
      54    0.13    280.80      0.11    -11.58
      53    0.22    280.84      0.22     -6.19
      52    0.29    280.86      0.30     -6.83
      51    0.37    280.89      0.40     -7.68
      50    0.48    280.90      0.53     -8.90
      49    0.62    280.90      0.70    -10.29
      48    0.80    280.88      0.91    -11.50
      47    1.02    280.81      1.17    -12.03
      46    1.31    280.69      1.43    -11.26
      45    1.69    280.54      1.71     -9.30
      44    2.20    280.38      1.99     -7.55
      43    2.87    280.20      2.32     -6.29
      42    3.86    280.00      2.68     -5.28
      41    5.05    279.80      3.11     -4.38
      40    6.53    279.62      3.61     -3.47
      39    8.66    279.51      4.20     -2.64
      38   11.97    279.51      4.99     -2.17
      37   15.02    279.55      5.73     -1.93
      36   18.80    279.65      6.59     -1.69
      35   23.61    279.80      7.57     -1.45
      34   29.72    280.01      8.65     -1.21
      33   37.45    280.26      9.82     -1.00
      32   47.29    280.40     11.07     -0.95
      31   60.23    280.61     11.64     -0.23
      30   76.60    281.34     12.60     -0.12
      29   98.07    282.32     13.88     -0.12
      28  125.55    283.88     16.03     -0.18
      27  147.22    285.17     18.10     -0.31
      26  173.12    286.73     20.80     -0.37
      25  202.68    288.86     24.69     -0.50
      24  237.24    292.39     31.70     -0.85
      23  276.41    297.92     43.08     -1.26
      22  297.88    301.33     50.38     -1.53
      21  320.17    305.11     58.35     -1.59
      20  343.96    309.20     67.04     -1.63
      19  369.11    313.60     76.75     -1.78
      18  395.52    318.37     87.81     -2.01
      17  423.54    323.61    100.28     -2.18
      16  452.81    329.42    113.94     -2.26
      15  484.02    335.75    128.35     -2.18
      14  516.59    342.36    143.28     -2.16
      13  551.23    349.27    158.80     -2.10
      12  587.46    356.46    174.80     -2.05
      11  625.55    363.90    190.89     -1.92
      10  665.54    371.20    206.35     -1.72
       9  707.86    376.79    219.47     -1.50
       8  752.70    379.97    229.72     -1.33
       7  799.92    385.50    244.56     -1.66
       6  849.97    397.55    267.71     -1.87
       5  902.42    413.64    292.53     -1.40
       4  929.53    423.00    306.33     -1.38
       3  957.25    433.82    320.85     -1.13
       2  971.44    441.75    328.73      0.03
       1  977.78    458.41    333.03     16.45
