                                                                       MOLECULAR VOLUME MIXING RATIOS BY LAYER
                                                                        molecular weights are in parentheses
           P(MB)     T(K)   H2O(18.0154)   CO2(44.0098)   O3(47.9982)    N2O(44.0128)   CO(28.0101)    CH4(16.0428)   O2(31.9988)    CCL4(153.8215) CFC11(137.370) CFC12(120.910)       
       1   978.47   278.54  0.9078969E-02  0.3599926E-03  0.6182069E-07  0.3200037E-06  0.1482908E-06  0.1700007E-05  0.2089999E+00  0.1105000E-09  0.2783000E-09  0.5027000E-09
       2   967.75   277.57  0.8960733E-02  0.3600000E-03  0.6182010E-07  0.3200030E-06  0.1478402E-06  0.1699987E-05  0.2089991E+00  0.1105000E-09  0.2783000E-09  0.5027000E-09
       3   956.60   276.64  0.8927538E-02  0.3600004E-03  0.6182059E-07  0.3200086E-06  0.1473715E-06  0.1700013E-05  0.2089987E+00  0.1105000E-09  0.2783000E-09  0.5027000E-09
       4   949.33   276.21  0.8820619E-02  0.3600034E-03  0.6182083E-07  0.3199998E-06  0.1470555E-06  0.1699995E-05  0.2090028E+00  0.1105000E-09  0.2783000E-09  0.5027000E-09
       5   941.96   275.84  0.8689141E-02  0.3600031E-03  0.6182004E-07  0.3200008E-06  0.1467398E-06  0.1700001E-05  0.2090029E+00  0.1105000E-09  0.2783000E-09  0.5027000E-09
       6   934.70   275.45  0.8513688E-02  0.3600002E-03  0.6182005E-07  0.3200016E-06  0.1464249E-06  0.1700021E-05  0.2090007E+00  0.1105000E-09  0.2783000E-09  0.5027000E-09
       7   927.52   275.11  0.8374526E-02  0.3600013E-03  0.6182056E-07  0.3200028E-06  0.1461105E-06  0.1700001E-05  0.2090016E+00  0.1105000E-09  0.2783000E-09  0.5027000E-09
       8   920.40   274.79  0.8257647E-02  0.3600026E-03  0.6181993E-07  0.3200002E-06  0.1457955E-06  0.1700016E-05  0.2089986E+00  0.1105000E-09  0.2783000E-09  0.5027000E-09
       9   913.23   274.70  0.8343339E-02  0.3599980E-03  0.6182012E-07  0.3199991E-06  0.1454755E-06  0.1699996E-05  0.2090013E+00  0.1105000E-09  0.2783000E-09  0.5027000E-09
      10   906.19   275.14  0.8749885E-02  0.3600041E-03  0.6184708E-07  0.3200044E-06  0.1451589E-06  0.1700013E-05  0.2090023E+00  0.1105000E-09  0.2783000E-09  0.5027000E-09
      11   897.17   276.23  0.9581430E-02  0.3599975E-03  0.6195401E-07  0.3200009E-06  0.1447468E-06  0.1700001E-05  0.2089990E+00  0.1105000E-09  0.2783000E-09  0.5027000E-09
      12   886.18   276.52  0.9871638E-02  0.3599992E-03  0.6208927E-07  0.3199973E-06  0.1442358E-06  0.1699985E-05  0.2089998E+00  0.1105000E-09  0.2783000E-09  0.5027000E-09
      13   875.36   276.66  0.1011162E-01  0.3599970E-03  0.6222199E-07  0.3199972E-06  0.1437263E-06  0.1699989E-05  0.2089974E+00  0.1105000E-09  0.2783000E-09  0.5027000E-09
      14   864.69   276.99  0.1044103E-01  0.3600036E-03  0.6235852E-07  0.3200016E-06  0.1432184E-06  0.1699999E-05  0.2090001E+00  0.1105000E-09  0.2783000E-09  0.5027000E-09
      15   854.09   276.83  0.1029104E-01  0.3600068E-03  0.6249511E-07  0.3200046E-06  0.1427081E-06  0.1700025E-05  0.2090025E+00  0.1105000E-09  0.2783000E-09  0.5027000E-09
      16   843.65   276.36  0.9992309E-02  0.3599942E-03  0.6262675E-07  0.3199944E-06  0.1421938E-06  0.1699972E-05  0.2089982E+00  0.1105000E-09  0.2783000E-09  0.5027000E-09
      17   833.30   275.84  0.9670495E-02  0.3600030E-03  0.6276404E-07  0.3199996E-06  0.1416846E-06  0.1700005E-05  0.2090002E+00  0.1105000E-09  0.2783000E-09  0.5027000E-09
      18   823.07   275.30  0.9391922E-02  0.3599959E-03  0.6286353E-07  0.3199947E-06  0.1411733E-06  0.1699984E-05  0.2089980E+00  0.1105000E-09  0.2783000E-09  0.5027000E-09
      19   812.95   274.72  0.9064178E-02  0.3600057E-03  0.6287873E-07  0.3200002E-06  0.1406656E-06  0.1700014E-05  0.2090017E+00  0.1105000E-09  0.2783000E-09  0.5027000E-09
      20   802.94   274.13  0.8706402E-02  0.3600036E-03  0.6288887E-07  0.3200029E-06  0.1401555E-06  0.1700022E-05  0.2089996E+00  0.1105000E-09  0.2783000E-09  0.5027000E-09
      21   793.01   274.28  0.8723687E-02  0.3600018E-03  0.6289812E-07  0.3199999E-06  0.1396380E-06  0.1699995E-05  0.2090014E+00  0.1105000E-09  0.2783000E-09  0.5027000E-09
      22   768.97   273.96  0.8059076E-02  0.3599994E-03  0.6292351E-07  0.3200005E-06  0.1383461E-06  0.1699990E-05  0.2090014E+00  0.1105000E-09  0.2783000E-09  0.5027000E-09
      23   727.05   271.59  0.5613883E-02  0.3600012E-03  0.6307687E-07  0.3200051E-06  0.1360956E-06  0.1700013E-05  0.2090040E+00  0.1105000E-09  0.2783000E-09  0.5027000E-09
      24   682.63   269.39  0.4435734E-02  0.3600012E-03  0.6342256E-07  0.3200002E-06  0.1338218E-06  0.1700001E-05  0.2090006E+00  0.1105000E-09  0.2783000E-09  0.5027000E-09
      25   640.55   266.51  0.4529739E-02  0.3599980E-03  0.6418274E-07  0.3199979E-06  0.1319537E-06  0.1699997E-05  0.2090016E+00  0.1105000E-09  0.2783000E-09  0.5027000E-09
      26   600.68   264.28  0.2625276E-02  0.3600040E-03  0.6530431E-07  0.3200011E-06  0.1308687E-06  0.1700009E-05  0.2090011E+00  0.1105000E-09  0.2783000E-09  0.5027000E-09
      27   562.95   261.89  0.8567682E-03  0.3600030E-03  0.6680062E-07  0.3199995E-06  0.1304520E-06  0.1699998E-05  0.2090004E+00  0.1105000E-09  0.2783000E-09  0.5027000E-09
      28   527.22   258.86  0.1073218E-02  0.3599997E-03  0.6865379E-07  0.3200010E-06  0.1300499E-06  0.1700034E-05  0.2090002E+00  0.1105000E-09  0.2783000E-09  0.5027000E-09
      29   493.42   256.46  0.1071010E-02  0.3599986E-03  0.7135196E-07  0.3199995E-06  0.1293233E-06  0.1700038E-05  0.2089994E+00  0.1105000E-09  0.2783000E-09  0.5027000E-09
      30   461.44   253.12  0.8119649E-03  0.3599975E-03  0.7487089E-07  0.3199990E-06  0.1279806E-06  0.1699831E-05  0.2089985E+00  0.1105000E-09  0.2783000E-09  0.5027000E-09
      31   431.09   248.84  0.5795487E-03  0.3599984E-03  0.7885474E-07  0.3199997E-06  0.1259279E-06  0.1699334E-05  0.2089992E+00  0.1105000E-09  0.2783000E-09  0.5027000E-09
      32   402.30   245.11  0.3271265E-03  0.3600003E-03  0.8453076E-07  0.3200190E-06  0.1233675E-06  0.1698623E-05  0.2090000E+00  0.1105000E-09  0.2783000E-09  0.5027000E-09
      33   375.04   241.54  0.2129114E-03  0.3600022E-03  0.9194620E-07  0.3200255E-06  0.1202779E-06  0.1697645E-05  0.2090003E+00  0.1105000E-09  0.2783000E-09  0.5027000E-09
      34   349.22   237.17  0.1693643E-03  0.3600020E-03  0.1014765E-06  0.3199419E-06  0.1164055E-06  0.1696255E-05  0.2090015E+00  0.1105000E-09  0.2783000E-09  0.5027000E-09
      35   324.74   232.79  0.1525002E-03  0.3599988E-03  0.1134093E-06  0.3196952E-06  0.1118337E-06  0.1694264E-05  0.2089979E+00  0.1105000E-09  0.2783000E-09  0.5027000E-09
      36   301.57   228.44  0.1280580E-03  0.3600021E-03  0.1305704E-06  0.3192402E-06  0.1070186E-06  0.1691290E-05  0.2090018E+00  0.1105000E-09  0.2783000E-09  0.5027000E-09
      37   279.69   225.00  0.7166839E-04  0.3600002E-03  0.1514953E-06  0.3184522E-06  0.1021247E-06  0.1687260E-05  0.2090001E+00  0.1105000E-09  0.2783000E-09  0.5027000E-09
      38   249.84   221.41  0.3793212E-04  0.3600016E-03  0.1926066E-06  0.3161145E-06  0.9481181E-07  0.1680328E-05  0.2090005E+00  0.1105000E-09  0.2783000E-09  0.5027000E-09
      39   213.68   215.27  0.1352563E-04  0.3600011E-03  0.2634739E-06  0.3118290E-06  0.8418580E-07  0.1668918E-05  0.2090005E+00  0.1105000E-09  0.2783000E-09  0.5027000E-09
      40   182.12   212.00  0.1026112E-04  0.3599975E-03  0.3358705E-06  0.3072402E-06  0.7125134E-07  0.1654009E-05  0.2089990E+00  0.1105000E-09  0.2783000E-09  0.5027000E-09
      41   155.15   214.29  0.3630643E-05  0.3599979E-03  0.3999301E-06  0.3024449E-06  0.5701840E-07  0.1635911E-05  0.2089993E+00  0.1105000E-09  0.2783000E-09  0.5027000E-09
      42   132.20   212.39  0.1456455E-05  0.3600001E-03  0.4569353E-06  0.2972987E-06  0.4477571E-07  0.1615947E-05  0.2090004E+00  0.1105000E-09  0.2783000E-09  0.5027000E-09
      43   108.54   212.05  0.1697840E-05  0.3600005E-03  0.5896003E-06  0.2895326E-06  0.3314770E-07  0.1588301E-05  0.2089997E+00  0.1105000E-09  0.2783000E-09  0.5027000E-09
      44    85.17   210.57  0.1786513E-05  0.3599976E-03  0.1041520E-05  0.2758623E-06  0.2369591E-07  0.1546111E-05  0.2089994E+00  0.1105000E-09  0.2783000E-09  0.5027000E-09
      45    66.74   209.27  0.1934683E-05  0.3599987E-03  0.1839030E-05  0.2567985E-06  0.1668441E-07  0.1491459E-05  0.2089991E+00  0.1105000E-09  0.2783000E-09  0.5027000E-09
      46    52.26   210.37  0.2850110E-05  0.3600003E-03  0.3053536E-05  0.2326159E-06  0.1309414E-07  0.1408658E-05  0.2090004E+00  0.1105000E-09  0.2783000E-09  0.5027000E-09
      47    40.96   210.85  0.3928472E-05  0.3600005E-03  0.4269736E-05  0.2092566E-06  0.1231360E-07  0.1295819E-05  0.2090000E+00  0.1105000E-09  0.2783000E-09  0.5027000E-09
      48    32.82   215.49  0.4673878E-05  0.3599997E-03  0.5193336E-05  0.1942974E-06  0.1327559E-07  0.1175546E-05  0.2089998E+00  0.1105000E-09  0.2783000E-09  0.5027000E-09
      49    26.67   221.31  0.4380593E-05  0.3599999E-03  0.6004786E-05  0.1795170E-06  0.1461565E-07  0.1077028E-05  0.2090000E+00  0.1105000E-09  0.2783000E-09  0.5027000E-09
      50    21.21   222.78  0.4509806E-05  0.3599999E-03  0.6768731E-05  0.1664292E-06  0.1556746E-07  0.1015394E-05  0.2090000E+00  0.1105000E-09  0.2783000E-09  0.5027000E-09
      51    16.91   224.20  0.4594309E-05  0.3600000E-03  0.7370538E-05  0.1570426E-06  0.1611929E-07  0.9777265E-06  0.2090000E+00  0.1105000E-09  0.2783000E-09  0.5027000E-09
      52    13.49   225.69  0.4679570E-05  0.3600001E-03  0.7778564E-05  0.1471379E-06  0.1673640E-07  0.9367729E-06  0.2090000E+00  0.1105000E-09  0.2783000E-09  0.5027000E-09
      53    10.32   227.74  0.4763972E-05  0.3600001E-03  0.8051452E-05  0.1319584E-06  0.1761450E-07  0.8817705E-06  0.2090000E+00  0.1105000E-09  0.2783000E-09  0.5027000E-09
      54     7.60   231.31  0.4838691E-05  0.3600000E-03  0.8250681E-05  0.1122136E-06  0.1876924E-07  0.8145759E-06  0.2090000E+00  0.1105000E-09  0.2783000E-09  0.5027000E-09
      55     5.80   236.24  0.4895467E-05  0.3600001E-03  0.8248137E-05  0.9242072E-07  0.2009444E-07  0.7474213E-06  0.2090000E+00  0.1105000E-09  0.2783000E-09  0.5027000E-09
      56     4.46   241.55  0.4940149E-05  0.3600000E-03  0.7946625E-05  0.7230720E-07  0.2172727E-07  0.6791552E-06  0.2090001E+00  0.1105000E-09  0.2783000E-09  0.5027000E-09
      57     3.37   247.21  0.4991861E-05  0.3599999E-03  0.7283953E-05  0.5368457E-07  0.2376000E-07  0.6046438E-06  0.2089999E+00  0.1105000E-09  0.2783000E-09  0.5027000E-09
      58     2.54   253.03  0.5072809E-05  0.3600000E-03  0.6334790E-05  0.3775114E-07  0.2616617E-07  0.5237115E-06  0.2090000E+00  0.1105000E-09  0.2783000E-09  0.5027000E-09
      59     1.95   258.57  0.5161549E-05  0.3599999E-03  0.5312570E-05  0.2511650E-07  0.2898914E-07  0.4422671E-06  0.2090000E+00  0.1105000E-09  0.2783000E-09  0.5027000E-09
      60     1.51   264.17  0.5220057E-05  0.3600001E-03  0.4377151E-05  0.1628417E-07  0.3224433E-07  0.3646038E-06  0.2090001E+00  0.1105000E-09  0.2783000E-09  0.5027000E-09
      61     1.17   269.01  0.5244536E-05  0.3600001E-03  0.3603128E-05  0.1050928E-07  0.3621464E-07  0.2947482E-06  0.2090000E+00  0.1105000E-09  0.2783000E-09  0.5027000E-09
      62     0.91   270.88  0.5237176E-05  0.3600000E-03  0.2975234E-05  0.6428975E-08  0.4207030E-07  0.2361595E-06  0.2090000E+00  0.1105000E-09  0.2783000E-09  0.5027000E-09
      63     0.71   269.37  0.5209333E-05  0.3600000E-03  0.2457352E-05  0.3982352E-08  0.4924508E-07  0.1959871E-06  0.2090000E+00  0.1105000E-09  0.2783000E-09  0.5027000E-09
      64     0.55   265.78  0.5166315E-05  0.3600000E-03  0.2024826E-05  0.3093658E-08  0.5687154E-07  0.1750235E-06  0.2090000E+00  0.1105000E-09  0.2783000E-09  0.5027000E-09
      65     0.43   260.94  0.5094364E-05  0.3600000E-03  0.1675891E-05  0.2849589E-08  0.6646965E-07  0.1642489E-06  0.2090001E+00  0.1105000E-09  0.2783000E-09  0.5027000E-09
      66     0.33   255.58  0.4983669E-05  0.3599999E-03  0.1413071E-05  0.2568328E-08  0.7932828E-07  0.1568316E-06  0.2090001E+00  0.1105000E-09  0.2783000E-09  0.5027000E-09
      67     0.25   249.97  0.4835622E-05  0.3600000E-03  0.1224039E-05  0.2219818E-08  0.9657874E-07  0.1517428E-06  0.2090000E+00  0.1105000E-09  0.2783000E-09  0.5027000E-09
      68     0.17   241.94  0.4551507E-05  0.3599999E-03  0.1049612E-05  0.1840774E-08  0.1325449E-06  0.1497802E-06  0.2089999E+00  0.1105000E-09  0.2783000E-09  0.5027000E-09
      69     0.10   230.92  0.4072945E-05  0.3600000E-03  0.9166433E-06  0.1444000E-08  0.1991202E-06  0.1497387E-06  0.2090000E+00  0.1105000E-09  0.2783000E-09  0.5027000E-09
