The first HR value is a filler; the 2nd HR corresponds to the layer
between levels 70 and 69, the 3rd HR corresponds to the layer between
levels 69 and 68, etc.
     level  p(mb) flxup(W/m2) flxdn(W/m2) HR(K/day)
      70    0.07    241.82      0.00      0.00
      69    0.13    241.85      0.11    -11.61
      68    0.22    241.89      0.22     -6.25
      67    0.29    241.92      0.30     -6.90
      66    0.37    241.94      0.40     -7.83
      65    0.48    241.96      0.54     -9.10
      64    0.62    241.96      0.71    -10.61
      63    0.80    241.93      0.93    -11.88
      62    1.02    241.85      1.19    -12.52
      61    1.31    241.73      1.47    -11.78
      60    1.69    241.57      1.75     -9.77
      59    2.20    241.40      2.05     -7.93
      58    2.87    241.20      2.38     -6.61
      57    3.86    240.98      2.75     -5.50
      56    5.05    240.75      3.18     -4.54
      55    6.53    240.52      3.66     -3.62
      54    8.66    240.35      4.23     -2.82
      53   11.97    240.23      5.00     -2.41
      52   15.02    240.15      5.72     -2.24
      51   18.80    240.07      6.57     -2.06
      50   23.61    239.97      7.55     -1.89
      49   29.72    239.76      8.64     -1.82
      48   36.03    239.54      9.29     -1.15
      47   45.91    239.87      9.96     -0.29
      46   58.62    240.52     11.03     -0.28
      45   74.86    241.34     12.09     -0.12
      44   95.48    242.31     13.56     -0.21
      43  121.61    243.36     15.39     -0.25
      42  142.79    244.11     16.49     -0.14
      41  167.49    244.94     18.51     -0.41
      40  196.77    246.24     20.91     -0.32
      39  230.61    249.57     25.68     -0.36
      38  269.10    252.95     34.02     -1.09
      37  290.28    255.32     39.65     -1.30
      36  312.80    258.65     47.25     -1.60
      35  336.65    262.28     54.99     -1.45
      34  361.78    266.07     62.90     -1.38
      33  388.28    269.75     71.63     -1.61
      32  416.28    273.65     81.74     -1.87
      31  445.89    278.67     94.79     -2.29
      30  476.99    283.89    109.06     -2.45
      29  509.86    287.78    122.02     -2.33
      28  544.63    293.26    134.17     -1.62
      27  581.30    297.45    144.45     -1.40
      26  620.02    301.68    162.26     -2.96
      25  661.02    307.66    182.52     -2.94
      24  704.27    313.06    198.23     -2.01
      23  749.83    318.83    214.26     -1.90
      22  788.10    320.76    227.95     -2.59
      21  797.90    319.89    245.04    -15.47
      20  807.90    322.33    305.02    -48.56
      19  817.97    325.10    321.42    -11.42
      18  828.20    327.65    325.90     -1.59
      17  838.50    330.29    328.57     -0.03
      16  848.87    332.62    330.98     -0.07
      15  859.40    333.49    332.76     -0.73
      14  869.92    332.74    333.31     -1.04
      13  880.72    331.21    331.71      0.06
      12  891.64    330.92    331.70     -0.23
      11  902.70    325.79    328.28     -1.30
      10  909.71    322.88    324.15      1.47
       9  916.79    323.55    323.21      1.92
       8  924.01    325.01    323.65      1.20
       7  931.13    327.03    325.03      0.76
       6  938.24    329.31    326.39      1.09
       5  945.60    332.56    328.16      1.70
       4  953.03    337.97    329.69      4.40
       3  960.24    340.40    330.77      1.58
       2  975.22    343.53    333.53      0.21
       1  981.70    345.47    335.16      0.40
