                                                                       MOLECULAR VOLUME MIXING RATIOS BY LAYER
                                                                        molecular weights are in parentheses
           P(MB)     T(K)   H2O(18.0154)   CO2(44.0098)   O3(47.9982)    N2O(44.0128)   CO(28.0101)    CH4(16.0428)   O2(31.9988)    CCL4(153.8215) CFC11(137.370) CFC12(120.910)       
       1  1028.24   266.23  0.2511037E-02  0.3750015E-03  0.2820928E-07  0.3100041E-06  0.1498027E-06  0.1699990E-05  0.2089984E+00  0.1105000E-09  0.2783000E-09  0.5027000E-09
       2  1021.42   265.70  0.2372606E-02  0.3750026E-03  0.2821060E-07  0.3100203E-06  0.1495546E-06  0.1700023E-05  0.2090155E+00  0.1105000E-09  0.2783000E-09  0.5027000E-09
       3  1013.87   265.28  0.2314951E-02  0.3750066E-03  0.2820995E-07  0.3100002E-06  0.1492655E-06  0.1700007E-05  0.2090036E+00  0.1105000E-09  0.2783000E-09  0.5027000E-09
       4  1005.67   265.38  0.1968523E-02  0.3750010E-03  0.2821004E-07  0.3100029E-06  0.1489560E-06  0.1699988E-05  0.2089998E+00  0.1105000E-09  0.2783000E-09  0.5027000E-09
       5   997.58   265.97  0.1688283E-02  0.3750031E-03  0.2955106E-07  0.3100018E-06  0.1486432E-06  0.1700015E-05  0.2090035E+00  0.1105000E-09  0.2783000E-09  0.5027000E-09
       6   989.53   266.35  0.1543135E-02  0.3749994E-03  0.2858917E-07  0.3099994E-06  0.1483309E-06  0.1700008E-05  0.2090019E+00  0.1105000E-09  0.2783000E-09  0.5027000E-09
       7   981.60   267.43  0.1525830E-02  0.3749977E-03  0.2887886E-07  0.3100001E-06  0.1480160E-06  0.1700022E-05  0.2090007E+00  0.1105000E-09  0.2783000E-09  0.5027000E-09
       8   973.75   267.74  0.1479290E-02  0.3750006E-03  0.2917558E-07  0.3100002E-06  0.1477011E-06  0.1700009E-05  0.2090021E+00  0.1105000E-09  0.2783000E-09  0.5027000E-09
       9   962.10   267.45  0.1513121E-02  0.3750022E-03  0.2961326E-07  0.3099953E-06  0.1472298E-06  0.1699981E-05  0.2090010E+00  0.1105000E-09  0.2783000E-09  0.5027000E-09
      10   946.73   266.90  0.1515835E-02  0.3750064E-03  0.3020049E-07  0.3100019E-06  0.1465967E-06  0.1699992E-05  0.2090033E+00  0.1105000E-09  0.2783000E-09  0.5027000E-09
      11   931.58   266.73  0.1523127E-02  0.3749964E-03  0.3078963E-07  0.3099972E-06  0.1459584E-06  0.1699990E-05  0.2089955E+00  0.1105000E-09  0.2783000E-09  0.5027000E-09
      12   916.69   266.24  0.1551190E-02  0.3750032E-03  0.3137449E-07  0.3100032E-06  0.1453213E-06  0.1700009E-05  0.2090000E+00  0.1105000E-09  0.2783000E-09  0.5027000E-09
      13   892.06   265.17  0.1421507E-02  0.3749972E-03  0.3230846E-07  0.3099980E-06  0.1442406E-06  0.1699992E-05  0.2089999E+00  0.1105000E-09  0.2783000E-09  0.5027000E-09
      14   858.23   264.50  0.9736528E-03  0.3750027E-03  0.3359199E-07  0.3099969E-06  0.1427102E-06  0.1699991E-05  0.2089998E+00  0.1105000E-09  0.2783000E-09  0.5027000E-09
      15   820.32   263.36  0.6251901E-03  0.3750067E-03  0.3500588E-07  0.3100058E-06  0.1409267E-06  0.1700000E-05  0.2089998E+00  0.1105000E-09  0.2783000E-09  0.5027000E-09
      16   773.81   261.50  0.3064967E-03  0.3750036E-03  0.3645830E-07  0.3100797E-06  0.1386128E-06  0.1700126E-05  0.2090035E+00  0.1105000E-09  0.2783000E-09  0.5027000E-09
      17   724.87   261.46  0.1674779E-03  0.3749984E-03  0.3791532E-07  0.3100979E-06  0.1360991E-06  0.1700148E-05  0.2090014E+00  0.1105000E-09  0.2783000E-09  0.5027000E-09
      18   679.06   261.53  0.2249467E-03  0.3749981E-03  0.3927260E-07  0.3097009E-06  0.1338239E-06  0.1699653E-05  0.2089991E+00  0.1105000E-09  0.2783000E-09  0.5027000E-09
      19   636.07   260.73  0.1467463E-02  0.3749994E-03  0.4069946E-07  0.3086682E-06  0.1319535E-06  0.1698193E-05  0.2089998E+00  0.1105000E-09  0.2783000E-09  0.5027000E-09
      20   595.65   259.30  0.3443080E-03  0.3750000E-03  0.4297180E-07  0.3069268E-06  0.1308681E-06  0.1694995E-05  0.2089984E+00  0.1105000E-09  0.2783000E-09  0.5027000E-09
      21   557.52   256.94  0.2888395E-03  0.3750038E-03  0.4595112E-07  0.3042121E-06  0.1304531E-06  0.1690032E-05  0.2090036E+00  0.1105000E-09  0.2783000E-09  0.5027000E-09
      22   521.53   254.84  0.1784526E-03  0.3749996E-03  0.4932131E-07  0.2996474E-06  0.1300505E-06  0.1683786E-05  0.2089999E+00  0.1105000E-09  0.2783000E-09  0.5027000E-09
      23   487.57   252.32  0.3289453E-03  0.3749945E-03  0.5453916E-07  0.2936515E-06  0.1293231E-06  0.1676353E-05  0.2089974E+00  0.1105000E-09  0.2783000E-09  0.5027000E-09
      24   455.50   249.69  0.2977690E-03  0.3749978E-03  0.6128747E-07  0.2882796E-06  0.1279830E-06  0.1666541E-05  0.2089973E+00  0.1105000E-09  0.2783000E-09  0.5027000E-09
      25   425.17   245.88  0.1684671E-03  0.3749994E-03  0.6970971E-07  0.2840957E-06  0.1259285E-06  0.1654946E-05  0.2089983E+00  0.1105000E-09  0.2783000E-09  0.5027000E-09
      26   396.43   241.98  0.1394213E-03  0.3749991E-03  0.8077689E-07  0.2805161E-06  0.1233669E-06  0.1643683E-05  0.2090009E+00  0.1105000E-09  0.2783000E-09  0.5027000E-09
      27   369.20   237.93  0.4058318E-03  0.3750076E-03  0.9641244E-07  0.2773786E-06  0.1202784E-06  0.1633647E-05  0.2089989E+00  0.1105000E-09  0.2783000E-09  0.5027000E-09
      28   343.44   234.26  0.2644806E-03  0.3750028E-03  0.1162592E-06  0.2744687E-06  0.1164080E-06  0.1626059E-05  0.2089991E+00  0.1105000E-09  0.2783000E-09  0.5027000E-09
      29   319.12   230.65  0.1309046E-03  0.3749995E-03  0.1393160E-06  0.2716683E-06  0.1118347E-06  0.1619331E-05  0.2090002E+00  0.1105000E-09  0.2783000E-09  0.5027000E-09
      30   296.14   226.65  0.8552711E-04  0.3750012E-03  0.1777654E-06  0.2689881E-06  0.1070167E-06  0.1607144E-05  0.2089989E+00  0.1105000E-09  0.2783000E-09  0.5027000E-09
      31   274.47   222.62  0.5843491E-04  0.3750017E-03  0.2261129E-06  0.2663949E-06  0.1021257E-06  0.1588948E-05  0.2090002E+00  0.1105000E-09  0.2783000E-09  0.5027000E-09
      32   244.79   217.81  0.3949045E-04  0.3750018E-03  0.3283752E-06  0.2625985E-06  0.9480978E-07  0.1560900E-05  0.2089996E+00  0.1105000E-09  0.2783000E-09  0.5027000E-09
      33   208.91   213.00  0.2520592E-04  0.3750054E-03  0.5197948E-06  0.2575295E-06  0.8421560E-07  0.1524358E-05  0.2090052E+00  0.1105000E-09  0.2783000E-09  0.5027000E-09
      34   178.19   216.69  0.1111532E-04  0.3750021E-03  0.7585411E-06  0.2522792E-06  0.7125085E-07  0.1489097E-05  0.2090008E+00  0.1105000E-09  0.2783000E-09  0.5027000E-09
      35   152.46   221.84  0.7883897E-05  0.3750014E-03  0.1004913E-05  0.2465255E-06  0.5702157E-07  0.1453399E-05  0.2090005E+00  0.1105000E-09  0.2783000E-09  0.5027000E-09
      36   130.70   221.52  0.8830846E-05  0.3750003E-03  0.1233003E-05  0.2395464E-06  0.4476508E-07  0.1412471E-05  0.2089999E+00  0.1105000E-09  0.2783000E-09  0.5027000E-09
      37   108.16   221.06  0.1013143E-04  0.3750015E-03  0.1493045E-05  0.2301557E-06  0.3313773E-07  0.1355017E-05  0.2090004E+00  0.1105000E-09  0.2783000E-09  0.5027000E-09
      38    85.74   220.19  0.1157234E-04  0.3749999E-03  0.1757921E-05  0.2147642E-06  0.2369600E-07  0.1276791E-05  0.2090005E+00  0.1105000E-09  0.2783000E-09  0.5027000E-09
      39    67.89   218.78  0.1243874E-04  0.3749998E-03  0.2038869E-05  0.1878497E-06  0.1667402E-07  0.1177292E-05  0.2089996E+00  0.1105000E-09  0.2783000E-09  0.5027000E-09
      40    53.74   219.91  0.1785979E-04  0.3750000E-03  0.2443777E-05  0.1518881E-06  0.1309543E-07  0.1054076E-05  0.2090005E+00  0.1105000E-09  0.2783000E-09  0.5027000E-09
      41    42.56   220.24  0.2348151E-04  0.3750002E-03  0.2880124E-05  0.1252939E-06  0.1231389E-07  0.9376665E-06  0.2090002E+00  0.1105000E-09  0.2783000E-09  0.5027000E-09
      42    33.79   221.24  0.3105062E-04  0.3750042E-03  0.3384122E-05  0.1076872E-06  0.1326909E-07  0.8450361E-06  0.2090023E+00  0.1105000E-09  0.2783000E-09  0.5027000E-09
      43    28.10   225.45  0.1201941E-04  0.3750172E-03  0.3664050E-05  0.9133397E-07  0.1470126E-07  0.7671098E-06  0.2090096E+00  0.1105000E-09  0.2783000E-09  0.5027000E-09
      44    23.25   229.54  0.4929815E-05  0.3750000E-03  0.3801738E-05  0.7961501E-07  0.1586782E-07  0.7162324E-06  0.2090001E+00  0.1105000E-09  0.2783000E-09  0.5027000E-09
      45    18.66   231.43  0.4957989E-05  0.3750000E-03  0.3806508E-05  0.7171776E-07  0.1667031E-07  0.6886776E-06  0.2090000E+00  0.1105000E-09  0.2783000E-09  0.5027000E-09
      46    15.02   233.76  0.4985872E-05  0.3749999E-03  0.3753855E-05  0.6372637E-07  0.1756503E-07  0.6601741E-06  0.2090000E+00  0.1105000E-09  0.2783000E-09  0.5027000E-09
      47    11.75   236.89  0.5000759E-05  0.3750000E-03  0.3827803E-05  0.5219114E-07  0.1878439E-07  0.6231652E-06  0.2090000E+00  0.1105000E-09  0.2783000E-09  0.5027000E-09
      48     8.85   241.39  0.5000840E-05  0.3750000E-03  0.4021427E-05  0.3970035E-07  0.2029605E-07  0.5766288E-06  0.2090000E+00  0.1105000E-09  0.2783000E-09  0.5027000E-09
      49     6.69   247.00  0.4999999E-05  0.3750000E-03  0.4134863E-05  0.3007945E-07  0.2175549E-07  0.5241675E-06  0.2090000E+00  0.1105000E-09  0.2783000E-09  0.5027000E-09
      50     5.10   252.96  0.4999999E-05  0.3750000E-03  0.4111655E-05  0.2174181E-07  0.2307945E-07  0.4659246E-06  0.2090001E+00  0.1105000E-09  0.2783000E-09  0.5027000E-09
      51     3.91   258.95  0.4999998E-05  0.3750000E-03  0.3924993E-05  0.1527169E-07  0.2431600E-07  0.4034110E-06  0.2090000E+00  0.1105000E-09  0.2783000E-09  0.5027000E-09
      52     3.02   264.99  0.5000001E-05  0.3750001E-03  0.3551601E-05  0.1116993E-07  0.2552932E-07  0.3421321E-06  0.2090001E+00  0.1105000E-09  0.2783000E-09  0.5027000E-09
      53     2.35   270.12  0.4999999E-05  0.3750000E-03  0.3041247E-05  0.8424018E-08  0.2675823E-07  0.2890027E-06  0.2090000E+00  0.1105000E-09  0.2783000E-09  0.5027000E-09
      54     1.83   273.48  0.5001340E-05  0.3750000E-03  0.2512774E-05  0.6390398E-08  0.2808085E-07  0.2454295E-06  0.2090000E+00  0.1105000E-09  0.2783000E-09  0.5027000E-09
      55     1.44   275.64  0.4998007E-05  0.3750000E-03  0.2045420E-05  0.4857368E-08  0.2957452E-07  0.2090801E-06  0.2090000E+00  0.1105000E-09  0.2783000E-09  0.5027000E-09
      56     1.12   276.85  0.4972249E-05  0.3750000E-03  0.1653973E-05  0.3473015E-08  0.3126265E-07  0.1793170E-06  0.2090000E+00  0.1105000E-09  0.2783000E-09  0.5027000E-09
      57     0.88   277.01  0.4935973E-05  0.3750000E-03  0.1340832E-05  0.2448512E-08  0.3292000E-07  0.1599615E-06  0.2090000E+00  0.1105000E-09  0.2783000E-09  0.5027000E-09
      58     0.69   276.05  0.4901372E-05  0.3750000E-03  0.1086676E-05  0.1967197E-08  0.3453219E-07  0.1517939E-06  0.2090000E+00  0.1105000E-09  0.2783000E-09  0.5027000E-09
      59     0.54   273.92  0.4840111E-05  0.3750000E-03  0.8730452E-06  0.1725936E-08  0.3658771E-07  0.1495643E-06  0.2090000E+00  0.1105000E-09  0.2783000E-09  0.5027000E-09
      60     0.42   270.54  0.4732466E-05  0.3750000E-03  0.7009539E-06  0.1510477E-08  0.3949316E-07  0.1491705E-06  0.2090000E+00  0.1105000E-09  0.2783000E-09  0.5027000E-09
      61     0.33   265.66  0.4584468E-05  0.3749999E-03  0.5654334E-06  0.1305034E-08  0.4346991E-07  0.1495343E-06  0.2090000E+00  0.1105000E-09  0.2783000E-09  0.5027000E-09
      62     0.25   258.62  0.4413226E-05  0.3750000E-03  0.4570953E-06  0.1139325E-08  0.4805902E-07  0.1500000E-06  0.2090000E+00  0.1105000E-09  0.2783000E-09  0.5027000E-09
      63     0.19   249.62  0.4220757E-05  0.3750000E-03  0.3678115E-06  0.1001897E-08  0.5408776E-07  0.1500000E-06  0.2090000E+00  0.1105000E-09  0.2783000E-09  0.5027000E-09
      64     0.15   240.04  0.3994060E-05  0.3750001E-03  0.2920518E-06  0.8887049E-09  0.6302713E-07  0.1500000E-06  0.2090000E+00  0.1105000E-09  0.2783000E-09  0.5027000E-09
      65     0.11   230.62  0.3729647E-05  0.3749999E-03  0.2326410E-06  0.7928700E-09  0.7642362E-07  0.1499999E-06  0.2089999E+00  0.1105000E-09  0.2783000E-09  0.5027000E-09
