Cloud information (fraction, water path, effective particle size) from bottom to top
Water path is in g/m2, effective particle size is in microns
     layer CF        LWP      IWP      re_liq   re_ice
       1   0.000     0.00     0.00     0.00     0.00
       2   0.000     0.00     0.00     0.00     0.00
       3   1.000    19.55     0.00     8.80     0.00
       4   1.000    19.55     0.00     8.80     0.00
       5   0.000     0.00     0.00     0.00     0.00
       6   0.000     0.00     0.00     0.00     0.00
       7   0.000     0.00     0.00     0.00     0.00
       8   0.000     0.00     0.00     0.00     0.00
       9   0.000     0.00     0.00     0.00     0.00
      10   0.000     0.00     0.00     0.00     0.00
      11   0.000     0.00     0.00     0.00     0.00
      12   0.000     0.00     0.00     0.00     0.00
      13   0.000     0.00     0.00     0.00     0.00
      14   0.000     0.00     0.00     0.00     0.00
      15   0.000     0.00     0.00     0.00     0.00
      16   0.000     0.00     0.00     0.00     0.00
      17   0.000     0.00     0.00     0.00     0.00
      18   0.000     0.00     0.00     0.00     0.00
      19   0.000     0.00     0.00     0.00     0.00
      20   0.000     0.00     0.00     0.00     0.00
      21   0.000     0.00     0.00     0.00     0.00
      22   0.000     0.00     0.00     0.00     0.00
      23   0.000     0.00     0.00     0.00     0.00
      24   0.000     0.00     0.00     0.00     0.00
      25   0.000     0.00     0.00     0.00     0.00
      26   0.000     0.00     0.00     0.00     0.00
      27   0.000     0.00     0.00     0.00     0.00
      28   0.000     0.00     0.00     0.00     0.00
      29   0.000     0.00     0.00     0.00     0.00
      30   0.000     0.00     0.00     0.00     0.00
      31   0.000     0.00     0.00     0.00     0.00
      32   0.000     0.00     0.00     0.00     0.00
      33   0.000     0.00     0.00     0.00     0.00
      34   0.000     0.00     0.00     0.00     0.00
      35   0.000     0.00     0.00     0.00     0.00
      36   0.000     0.00     0.00     0.00     0.00
      37   0.000     0.00     0.00     0.00     0.00
      38   0.000     0.00     0.00     0.00     0.00
      39   0.000     0.00     0.00     0.00     0.00
      40   0.000     0.00     0.00     0.00     0.00
      41   0.000     0.00     0.00     0.00     0.00
      42   0.000     0.00     0.00     0.00     0.00
      43   0.000     0.00     0.00     0.00     0.00
      44   0.000     0.00     0.00     0.00     0.00
      45   0.000     0.00     0.00     0.00     0.00
      46   0.000     0.00     0.00     0.00     0.00
      47   0.000     0.00     0.00     0.00     0.00
      48   0.000     0.00     0.00     0.00     0.00
      49   0.000     0.00     0.00     0.00     0.00
      50   0.000     0.00     0.00     0.00     0.00
      51   0.000     0.00     0.00     0.00     0.00
      52   0.000     0.00     0.00     0.00     0.00
      53   0.000     0.00     0.00     0.00     0.00
      54   0.000     0.00     0.00     0.00     0.00
      55   0.000     0.00     0.00     0.00     0.00
      56   0.000     0.00     0.00     0.00     0.00
      57   0.000     0.00     0.00     0.00     0.00
      58   0.000     0.00     0.00     0.00     0.00
      59   0.000     0.00     0.00     0.00     0.00
