                                                                       MOLECULAR VOLUME MIXING RATIOS BY LAYER
                                                                        molecular weights are in parentheses
           P(MB)     T(K)   H2O(18.0154)   CO2(44.0098)   O3(47.9982)    N2O(44.0128)   CO(28.0101)    CH4(16.0428)   O2(31.9988)    CCL4(153.8215) CFC11(137.370) CFC12(120.910)       
       1  1006.81   285.77  0.1223802E-01  0.3799879E-03  0.2676793E-07  0.3199849E-06  0.1496936E-06  0.1700033E-05  0.2089915E+00  0.1105000E-09  0.2783000E-09  0.5027000E-09
       2   999.29   284.77  0.1404286E-01  0.3799981E-03  0.2693627E-07  0.3199900E-06  0.1493829E-06  0.1700014E-05  0.2089857E+00  0.1105000E-09  0.2783000E-09  0.5027000E-09
       3   992.76   284.55  0.1429974E-01  0.3800029E-03  0.2708784E-07  0.3199986E-06  0.1491170E-06  0.1700000E-05  0.2090015E+00  0.1105000E-09  0.2783000E-09  0.5027000E-09
       4   985.67   284.68  0.1462284E-01  0.3800002E-03  0.2724483E-07  0.3200048E-06  0.1488203E-06  0.1699993E-05  0.2089990E+00  0.1105000E-09  0.2783000E-09  0.5027000E-09
       5   978.64   285.23  0.1536589E-01  0.3800005E-03  0.2741231E-07  0.3199981E-06  0.1485217E-06  0.1699992E-05  0.2089967E+00  0.1105000E-09  0.2783000E-09  0.5027000E-09
       6   971.17   291.15  0.2086721E-01  0.3799959E-03  0.2759059E-07  0.3199972E-06  0.1481982E-06  0.1699988E-05  0.2089980E+00  0.1105000E-09  0.2783000E-09  0.5027000E-09
       7   961.68   293.50  0.1809161E-01  0.3800006E-03  0.2781546E-07  0.3200002E-06  0.1477685E-06  0.1699992E-05  0.2089993E+00  0.1105000E-09  0.2783000E-09  0.5027000E-09
       8   942.51   294.25  0.1599309E-01  0.3800024E-03  0.2829137E-07  0.3200025E-06  0.1469012E-06  0.1700015E-05  0.2089999E+00  0.1105000E-09  0.2783000E-09  0.5027000E-09
       9   915.73   294.94  0.1393781E-01  0.3800012E-03  0.2896804E-07  0.3200004E-06  0.1456374E-06  0.1699993E-05  0.2090011E+00  0.1105000E-09  0.2783000E-09  0.5027000E-09
      10   877.23   294.69  0.1136432E-01  0.3800003E-03  0.3006975E-07  0.3200003E-06  0.1437356E-06  0.1699997E-05  0.2089987E+00  0.1105000E-09  0.2783000E-09  0.5027000E-09
      11   827.81   292.02  0.9285657E-02  0.3799972E-03  0.3159909E-07  0.3199966E-06  0.1411838E-06  0.1699995E-05  0.2090005E+00  0.1105000E-09  0.2783000E-09  0.5027000E-09
      12   780.71   289.46  0.6691876E-02  0.3799992E-03  0.3257069E-07  0.3200008E-06  0.1386083E-06  0.1700008E-05  0.2089989E+00  0.1105000E-09  0.2783000E-09  0.5027000E-09
      13   735.88   286.50  0.5556875E-02  0.3799993E-03  0.3297595E-07  0.3200017E-06  0.1360945E-06  0.1700000E-05  0.2090006E+00  0.1105000E-09  0.2783000E-09  0.5027000E-09
      14   693.10   282.95  0.4351665E-02  0.3800000E-03  0.3335012E-07  0.3199994E-06  0.1338207E-06  0.1700006E-05  0.2089994E+00  0.1105000E-09  0.2783000E-09  0.5027000E-09
      15   652.36   280.11  0.3446812E-02  0.3799999E-03  0.3369658E-07  0.3199972E-06  0.1319523E-06  0.1700001E-05  0.2089995E+00  0.1105000E-09  0.2783000E-09  0.5027000E-09
      16   613.59   276.65  0.1266495E-02  0.3800032E-03  0.3481690E-07  0.3200004E-06  0.1308678E-06  0.1700007E-05  0.2090009E+00  0.1105000E-09  0.2783000E-09  0.5027000E-09
      17   576.68   273.79  0.6733359E-03  0.3800007E-03  0.3671793E-07  0.3199998E-06  0.1304522E-06  0.1700004E-05  0.2090006E+00  0.1105000E-09  0.2783000E-09  0.5027000E-09
      18   541.64   270.85  0.2194966E-02  0.3800007E-03  0.3853242E-07  0.3199986E-06  0.1300495E-06  0.1700043E-05  0.2089992E+00  0.1105000E-09  0.2783000E-09  0.5027000E-09
      19   508.41   268.16  0.1873838E-02  0.3800020E-03  0.4025219E-07  0.3199992E-06  0.1293231E-06  0.1700043E-05  0.2090007E+00  0.1105000E-09  0.2783000E-09  0.5027000E-09
      20   476.87   264.75  0.1865257E-02  0.3799996E-03  0.4334338E-07  0.3200011E-06  0.1279812E-06  0.1699831E-05  0.2089999E+00  0.1105000E-09  0.2783000E-09  0.5027000E-09
      21   446.92   261.40  0.1698355E-02  0.3800019E-03  0.4782746E-07  0.3199999E-06  0.1259290E-06  0.1699336E-05  0.2090009E+00  0.1105000E-09  0.2783000E-09  0.5027000E-09
      22   418.50   258.28  0.1204072E-02  0.3799994E-03  0.5246090E-07  0.3200174E-06  0.1233657E-06  0.1698625E-05  0.2089999E+00  0.1105000E-09  0.2783000E-09  0.5027000E-09
      23   391.52   253.90  0.9398015E-03  0.3800002E-03  0.5725046E-07  0.3200201E-06  0.1202761E-06  0.1697637E-05  0.2089995E+00  0.1105000E-09  0.2783000E-09  0.5027000E-09
      24   365.86   249.71  0.6393400E-03  0.3800005E-03  0.6759581E-07  0.3199405E-06  0.1164047E-06  0.1696241E-05  0.2090017E+00  0.1105000E-09  0.2783000E-09  0.5027000E-09
      25   341.53   246.55  0.2800190E-03  0.3799993E-03  0.8360203E-07  0.3196946E-06  0.1118341E-06  0.1694263E-05  0.2089999E+00  0.1105000E-09  0.2783000E-09  0.5027000E-09
      26   318.49   242.54  0.2096386E-03  0.3799989E-03  0.1015021E-06  0.3192386E-06  0.1070146E-06  0.1691266E-05  0.2090002E+00  0.1105000E-09  0.2783000E-09  0.5027000E-09
      27   296.66   238.47  0.1388965E-03  0.3800027E-03  0.1213031E-06  0.3184541E-06  0.1021241E-06  0.1687270E-05  0.2089997E+00  0.1105000E-09  0.2783000E-09  0.5027000E-09
      28   266.58   233.59  0.6017993E-04  0.3800007E-03  0.1723068E-06  0.3161075E-06  0.9479606E-07  0.1680303E-05  0.2089994E+00  0.1105000E-09  0.2783000E-09  0.5027000E-09
      29   229.78   225.90  0.2935723E-04  0.3800000E-03  0.2612689E-06  0.3118282E-06  0.8418758E-07  0.1668923E-05  0.2089999E+00  0.1105000E-09  0.2783000E-09  0.5027000E-09
      30   197.05   218.52  0.1337029E-04  0.3799978E-03  0.3462859E-06  0.3072147E-06  0.7117269E-07  0.1653917E-05  0.2089991E+00  0.1105000E-09  0.2783000E-09  0.5027000E-09
      31   168.31   214.36  0.8703630E-05  0.3800010E-03  0.4422186E-06  0.3024486E-06  0.5702678E-07  0.1635924E-05  0.2090003E+00  0.1105000E-09  0.2783000E-09  0.5027000E-09
      32   143.42   212.51  0.2915533E-05  0.3800017E-03  0.5749425E-06  0.2972922E-06  0.4476399E-07  0.1615925E-05  0.2090002E+00  0.1105000E-09  0.2783000E-09  0.5027000E-09
      33   117.48   207.56  0.1670173E-05  0.3799989E-03  0.8169562E-06  0.2895127E-06  0.3312788E-07  0.1588240E-05  0.2089997E+00  0.1105000E-09  0.2783000E-09  0.5027000E-09
      34    91.66   205.05  0.1942544E-05  0.3800011E-03  0.1280706E-05  0.2759258E-06  0.2372656E-07  0.1546296E-05  0.2090003E+00  0.1105000E-09  0.2783000E-09  0.5027000E-09
      35    71.51   207.84  0.2817039E-05  0.3800003E-03  0.1913202E-05  0.2568022E-06  0.1668483E-07  0.1491475E-05  0.2090005E+00  0.1105000E-09  0.2783000E-09  0.5027000E-09
      36    56.02   212.56  0.3683819E-05  0.3799990E-03  0.2666760E-05  0.2327108E-06  0.1310082E-07  0.1409026E-05  0.2089996E+00  0.1105000E-09  0.2783000E-09  0.5027000E-09
      37    44.10   216.40  0.7090459E-05  0.3800006E-03  0.3464447E-05  0.2092604E-06  0.1231299E-07  0.1295867E-05  0.2090003E+00  0.1105000E-09  0.2783000E-09  0.5027000E-09
      38    34.84   219.50  0.1261519E-04  0.3800004E-03  0.4263357E-05  0.1946313E-06  0.1327186E-07  0.1175028E-05  0.2090001E+00  0.1105000E-09  0.2783000E-09  0.5027000E-09
      39    27.61   221.38  0.2028020E-04  0.3800000E-03  0.4963291E-05  0.1792032E-06  0.1468533E-07  0.1073378E-05  0.2090001E+00  0.1105000E-09  0.2783000E-09  0.5027000E-09
      40    21.93   224.87  0.3718922E-04  0.3799999E-03  0.5452629E-05  0.1661313E-06  0.1560685E-07  0.1013163E-05  0.2090000E+00  0.1105000E-09  0.2783000E-09  0.5027000E-09
      41    17.44   226.08  0.4693291E-04  0.3799984E-03  0.5869963E-05  0.1572161E-06  0.1609029E-07  0.9795949E-06  0.2089992E+00  0.1105000E-09  0.2783000E-09  0.5027000E-09
      42    13.66   226.59  0.1394205E-04  0.3799958E-03  0.6312584E-05  0.1469246E-06  0.1673997E-07  0.9363307E-06  0.2089977E+00  0.1105000E-09  0.2783000E-09  0.5027000E-09
      43    10.32   227.74  0.4763972E-05  0.3800000E-03  0.6857499E-05  0.1319584E-06  0.1761450E-07  0.8817705E-06  0.2090000E+00  0.1105000E-09  0.2783000E-09  0.5027000E-09
      44     7.60   231.31  0.4838691E-05  0.3800000E-03  0.7416727E-05  0.1122136E-06  0.1876924E-07  0.8145759E-06  0.2090000E+00  0.1105000E-09  0.2783000E-09  0.5027000E-09
      45     5.80   236.24  0.4895467E-05  0.3800000E-03  0.7732217E-05  0.9242072E-07  0.2009444E-07  0.7474213E-06  0.2090000E+00  0.1105000E-09  0.2783000E-09  0.5027000E-09
      46     4.46   241.55  0.4940149E-05  0.3800001E-03  0.7763809E-05  0.7230720E-07  0.2172727E-07  0.6791552E-06  0.2090001E+00  0.1105000E-09  0.2783000E-09  0.5027000E-09
      47     3.37   247.21  0.4991861E-05  0.3800000E-03  0.7508872E-05  0.5368457E-07  0.2376000E-07  0.6046438E-06  0.2089999E+00  0.1105000E-09  0.2783000E-09  0.5027000E-09
      48     2.54   253.03  0.5072809E-05  0.3800000E-03  0.6871755E-05  0.3775114E-07  0.2616617E-07  0.5237114E-06  0.2089999E+00  0.1105000E-09  0.2783000E-09  0.5027000E-09
      49     1.95   258.57  0.5161548E-05  0.3800000E-03  0.6034857E-05  0.2511650E-07  0.2898913E-07  0.4422671E-06  0.2090000E+00  0.1105000E-09  0.2783000E-09  0.5027000E-09
      50     1.51   264.17  0.5220057E-05  0.3800000E-03  0.5217973E-05  0.1628417E-07  0.3224433E-07  0.3646038E-06  0.2090001E+00  0.1105000E-09  0.2783000E-09  0.5027000E-09
      51     1.17   269.01  0.5244537E-05  0.3800001E-03  0.4349344E-05  0.1050928E-07  0.3621464E-07  0.2947482E-06  0.2090001E+00  0.1105000E-09  0.2783000E-09  0.5027000E-09
      52     0.91   270.88  0.5237176E-05  0.3800001E-03  0.3501248E-05  0.6428976E-08  0.4207031E-07  0.2361596E-06  0.2090000E+00  0.1105000E-09  0.2783000E-09  0.5027000E-09
      53     0.71   269.37  0.5209333E-05  0.3800000E-03  0.2842425E-05  0.3982352E-08  0.4924508E-07  0.1959871E-06  0.2090000E+00  0.1105000E-09  0.2783000E-09  0.5027000E-09
      54     0.55   265.78  0.5166315E-05  0.3800000E-03  0.2320445E-05  0.3093658E-08  0.5687154E-07  0.1750235E-06  0.2090000E+00  0.1105000E-09  0.2783000E-09  0.5027000E-09
      55     0.43   260.94  0.5094364E-05  0.3800001E-03  0.1860718E-05  0.2849589E-08  0.6646965E-07  0.1642489E-06  0.2090001E+00  0.1105000E-09  0.2783000E-09  0.5027000E-09
      56     0.33   255.58  0.4983669E-05  0.3800000E-03  0.1521342E-05  0.2568328E-08  0.7932829E-07  0.1568316E-06  0.2090001E+00  0.1105000E-09  0.2783000E-09  0.5027000E-09
      57     0.25   249.97  0.4835621E-05  0.3800001E-03  0.1240456E-05  0.2219818E-08  0.9657872E-07  0.1517427E-06  0.2090000E+00  0.1105000E-09  0.2783000E-09  0.5027000E-09
      58     0.17   241.94  0.4551507E-05  0.3800000E-03  0.9444001E-06  0.1840774E-08  0.1325449E-06  0.1497802E-06  0.2089999E+00  0.1105000E-09  0.2783000E-09  0.5027000E-09
      59     0.10   230.92  0.4072945E-05  0.3799999E-03  0.6200841E-06  0.1444000E-08  0.1991202E-06  0.1497387E-06  0.2090000E+00  0.1105000E-09  0.2783000E-09  0.5027000E-09
